46,15910.000000000011,88,13512.799999999994
55,16104.800000000001,77,13100.599999999995
47,15795.500000000007,77,13141.499999999987
34,15820.000000000005,94,13323.3
50,15883.800000000007,95,13274.999999999996
61,16555.8,91,13570.9
72,16200.000000000005,105,13447.699999999999
53,15969.10000000001,72,14119.9
58,16265.000000000005,76,13224.4
51,15825.300000000005,90,13693.199999999988
54,16044.300000000003,76,13220.2
58,15969.1,61,13153.49999999999
46,16085.00000000001,74,13955.900000000005
66,16572.100000000002,85,13618.999999999996
59,16081.90000000001,81,13316.199999999999
46,15911.000000000005,76,13467.3
54,16583.799999999996,80,13500.999999999996
43,15853.100000000008,105,13372.3
59,16305.600000000011,108,13652.100000000004
57,16026.20000000001,80,13278.5
48,15886.60000000001,79,13275.299999999994
54,15842.1,92,13593.299999999992
72,16609.600000000002,80,13415.599999999997
55,15895.50000000001,88,13486.999999999996
41,15896.40000000001,97,13391.299999999994
62,16091.600000000004,95,13414.599999999999
51,16255.200000000015,74,13193.599999999999
43,16149.000000000002,109,14098.59999999999
59,16212.700000000004,75,13430.999999999995
62,16614.099999999995,64,13644.6
58,16522.299999999996,77,13440.799999999994
48,16027.0,77,13314.799999999994
67,16906.999999999996,123,13719.800000000001
58,16076.90000000001,75,13217.699999999993
60,15886.000000000004,88,13333.899999999998
45,16090.400000000005,104,13681.300000000001
61,16121.000000000007,85,13325.799999999997
57,16538.1,99,13810.199999999997
61,16205.700000000013,82,13279.999999999993
40,16383.100000000002,75,13777.899999999998
69,15895.200000000004,88,13203.799999999997
55,16229.9,78,13149.699999999997
49,16293.000000000005,85,13184.0
36,16150.300000000005,89,13492.699999999995
65,15922.6,104,13646.1
50,15995.200000000004,84,13212.799999999997
58,16088.900000000001,75,13319.299999999996
57,16142.700000000003,74,13222.399999999996
51,16194.700000000004,89,13268.399999999998
74,16879.299999999996,97,13711.099999999997
61,15966.000000000018,103,14230.2
60,16200.100000000002,103,13603.1
56,16167.900000000007,102,13242.6
61,15895.600000000002,78,13421.599999999999
57,16318.900000000012,74,13307.299999999994
47,15952.200000000008,81,13145.599999999991
61,16373.700000000006,61,13385.799999999994
70,16347.900000000001,105,13544.29999999999
67,16588.599999999995,85,13422.999999999998
38,15919.200000000006,83,13165.699999999993
56,15759.000000000007,82,13549.899999999992
45,16156.60000000001,71,13340.299999999996
50,16062.800000000014,90,13374.599999999997
71,16136.100000000006,100,13599.499999999993
49,16047.90000000001,78,13604.699999999993
61,16240.400000000003,71,13711.9
57,15829.900000000005,94,14001.499999999996
60,16106.400000000007,98,13394.900000000003
38,15977.800000000005,68,13563.099999999997
49,16372.300000000007,84,13187.000000000002
50,16088.400000000003,96,13558.899999999998
46,15673.900000000001,83,13629.999999999993
29,15855.000000000005,69,13203.699999999997
52,16313.600000000006,65,13075.399999999998
60,16315.700000000004,88,13572.499999999995
61,16129.000000000004,80,14034.299999999997
45,16350.100000000006,78,13376.999999999993
51,15914.5,84,13344.699999999999
46,15843.200000000003,97,13981.699999999997
40,15945.800000000003,83,13690.199999999993
38,16049.10000000001,90,13543.899999999994
56,16101.500000000004,72,13064.9
55,16040.600000000004,115,13807.699999999997
68,16149.600000000004,88,13591.599999999999
60,15941.200000000006,94,13519.399999999994
55,16051.700000000004,87,13744.899999999998
50,16108.700000000003,84,13293.199999999999
52,16289.600000000008,102,13806.5
81,16464.299999999992,102,14696.3
48,15969.400000000001,69,13201.599999999999
62,16162.300000000008,78,13553.39999999999
44,15811.700000000004,91,13490.699999999999
60,15935.400000000007,91,13324.6
67,16957.99999999999,82,13439.999999999996
81,16282.300000000003,91,13579.499999999998
53,16093.000000000004,96,13300.000000000004
47,15946.0,89,13352.699999999999
59,16306.000000000011,78,13449.799999999996
56,16789.7,77,13445.099999999997
58,16028.400000000007,88,13979.199999999995
67,16171.300000000007,64,13894.499999999998
46,16139.700000000008,79,13096.8
53,16090.000000000002,99,13659.099999999993
51,15955.100000000004,88,13338.799999999992
63,16049.9,82,13395.099999999995
41,16006.200000000006,85,13312.599999999995
61,16252.800000000007,117,13987.0
58,16241.100000000008,83,13503.099999999999
68,16936.2,105,13708.199999999995
48,16122.100000000006,94,13433.699999999997
50,16043.800000000008,85,13793.099999999999
45,15979.600000000008,89,13418.399999999994
48,15987.000000000005,68,13073.999999999995
59,16137.900000000009,80,13428.500000000002
56,16242.90000000001,82,13528.699999999997
42,16084.80000000001,82,13607.599999999997
53,15985.500000000007,66,13027.599999999997
63,16401.100000000002,103,13344.399999999998
78,16250.300000000005,95,13459.699999999995
48,16218.500000000002,77,13632.100000000004
44,15795.000000000007,88,13518.899999999996
57,15979.400000000003,76,13513.299999999992
31,15876.300000000008,67,13297.199999999995
61,15946.000000000005,90,13455.3
43,15887.300000000007,68,13604.099999999993
55,16165.600000000011,66,12894.399999999996
52,15973.500000000002,107,13590.800000000001
61,16123.40000000001,89,13121.499999999998
66,15954.300000000001,91,13412.399999999985
52,16130.100000000008,83,13506.099999999995
64,15935.0,59,12870.399999999996
43,16098.300000000005,85,13410.79999999999
43,16388.5,100,13555.799999999992
59,16065.000000000002,73,13145.199999999997
60,16164.200000000006,102,13465.4
49,16151.200000000004,113,13331.099999999999
80,16405.499999999993,89,13129.299999999996
65,16262.8,96,13414.9
65,16029.100000000006,103,13433.899999999998
59,15919.500000000002,91,13309.599999999995
49,16308.70000000001,65,13117.999999999998
47,16257.099999999999,89,13392.900000000001
41,16002.000000000002,73,13248.999999999998
59,16087.400000000009,85,13268.599999999999
47,15988.5,84,13313.699999999995
39,16304.700000000006,85,13534.0
46,15815.300000000001,74,13456.300000000003
45,16084.300000000005,89,13483.1
45,16027.500000000004,70,13170.79999999999
49,15910.400000000012,92,13920.899999999994
71,16361.199999999997,86,13997.199999999999
60,16085.1,80,13255.099999999997
42,15969.20000000001,94,13744.800000000003
50,16098.800000000003,104,13737.499999999993
58,16222.40000000001,92,13548.799999999997
50,15892.800000000005,82,13348.599999999993
39,16049.000000000007,95,13476.299999999996
45,16560.9,105,14425.3
58,16414.399999999998,90,13855.799999999997
40,15654.600000000008,86,13339.300000000001
63,16040.500000000004,99,13659.19999999999
51,16198.000000000004,81,13374.699999999993
51,16535.899999999998,84,13388.799999999994
56,16207.400000000005,95,13555.599999999993
51,16510.69999999999,84,13559.999999999995
41,15918.100000000011,87,13357.5
64,16227.800000000005,73,13452.50000000001
44,15981.800000000007,77,12981.599999999999
54,16310.600000000008,68,13169.299999999996
51,16297.200000000006,79,13314.299999999992
57,15927.800000000003,90,13377.900000000007
41,16033.900000000007,116,13850.099999999995
53,16089.900000000007,77,13239.099999999999
50,16401.9,82,12951.199999999999
46,15822.000000000007,76,13189.999999999995
78,16326.4,82,14106.29999999999
30,15791.300000000008,100,13403.1
54,16195.600000000006,86,13400.7
89,16291.500000000007,87,13534.699999999993
65,16255.000000000004,93,13742.799999999997
34,16050.100000000008,98,14013.599999999995
72,16518.5,73,13267.099999999997
38,15839.600000000008,110,13407.299999999996
51,16296.90000000001,97,13814.299999999996
36,16421.499999999996,90,13501.899999999994
57,16109.400000000003,92,13426.499999999998
46,16035.200000000006,75,13450.79999999999
53,15907.300000000008,103,13609.200000000008
53,16067.600000000008,87,13334.5
62,16095.400000000007,114,13659.499999999993
55,15859.500000000005,72,13604.999999999995
46,15832.90000000001,79,13376.899999999996
58,16427.699999999993,86,13484.8
48,16001.100000000006,86,13273.999999999998
55,15768.100000000002,69,13426.199999999995
40,16154.600000000006,78,13356.999999999995
59,16018.500000000004,64,13022.199999999999
63,16303.600000000011,77,13538.799999999996
40,15940.700000000012,95,13925.499999999996
56,15895.20000000001,102,13840.699999999999
48,16093.600000000004,77,13524.499999999993
65,15974.800000000005,91,13507.699999999999
64,16024.400000000003,128,14571.200000000004
47,16122.000000000004,120,14016.799999999992
52,16210.900000000009,81,13705.2
51,16481.3,87,13101.5
68,16046.400000000009,111,14086.699999999997
37,15984.600000000006,85,13189.999999999995
60,15899.300000000003,117,14130.1
46,16214.400000000012,81,13421.499999999995
69,16292.90000000001,75,14283.199999999997
45,16213.100000000006,94,14267.2
49,16215.500000000007,91,13494.799999999996
64,16120.200000000004,84,13567.899999999998
55,16121.800000000008,90,13535.899999999996
58,16145.900000000009,84,13289.799999999992
52,16138.700000000004,95,13445.200000000003
58,16129.000000000007,78,13127.099999999991
36,15806.000000000016,87,13792.399999999994
60,16221.400000000001,81,13834.199999999997
52,16008.500000000005,77,13922.4
56,16618.699999999993,75,13489.500000000002
64,16080.400000000007,86,13441.699999999997
55,16175.8,96,13590.599999999999
41,15826.600000000013,87,13586.7
52,15923.100000000006,104,13425.899999999996
60,15890.30000000001,89,13649.300000000005
50,15929.000000000007,110,13571.999999999996
51,16064.200000000006,83,13489.099999999991
36,15934.200000000006,75,13096.699999999999
55,16615.399999999987,81,13592.4
66,16706.700000000004,86,13567.799999999997
51,17047.999999999993,99,13350.999999999995
48,15780.200000000008,112,13469.9
71,16460.299999999996,62,13178.899999999994
59,16081.200000000003,88,13833.499999999993
54,16338.699999999999,85,13542.199999999999
63,16043.4,103,13494.6
29,16247.000000000004,76,13097.599999999997
67,16199.000000000002,107,13735.699999999997
63,16052.800000000012,80,13124.199999999995
45,16106.100000000004,100,13502.699999999995
63,16555.3,94,13577.499999999995
58,16188.300000000016,93,13548.799999999994
52,15963.900000000009,83,13788.6
60,16475.099999999995,98,14265.600000000002
66,16106.200000000008,90,13309.300000000005
67,16251.100000000013,94,13600.899999999998
66,16040.700000000003,84,13629.799999999992
28,15824.80000000001,103,13657.700000000003
45,15894.300000000008,78,13531.2
57,15949.70000000001,99,14282.699999999997
51,15998.500000000011,102,13714.299999999997
46,15915.300000000001,108,13702.899999999996
61,16760.499999999996,93,13336.199999999999
44,15863.700000000003,91,13558.9
57,16141.4,89,13345.699999999995
62,16011.200000000008,78,13457.099999999997
42,15743.900000000003,88,13654.000000000002
32,15973.800000000001,92,13626.499999999998
68,16332.00000000001,79,13386.799999999994
56,16180.600000000004,79,13300.399999999998
63,16020.700000000008,92,13498.399999999998
56,16050.200000000013,70,13306.400000000003
46,16164.700000000004,99,13389.799999999996
64,16589.3,86,14033.499999999993
38,15887.500000000013,81,13576.599999999999
45,15952.500000000005,85,13270.099999999991
47,16073.200000000003,120,13478.199999999999
56,16154.700000000008,83,13551.199999999992
73,16755.999999999993,81,13384.19999999999
55,16297.300000000007,85,13250.299999999997
60,16167.400000000003,89,13575.399999999994
62,16123.500000000002,106,13780.399999999996
46,15947.30000000001,89,13217.1
28,15705.800000000007,106,13867.699999999997
65,16311.700000000004,77,13586.299999999988
49,16296.1,100,13325.399999999996
51,15959.100000000004,70,13123.199999999992
60,16684.699999999997,97,13995.999999999996
50,15899.800000000007,74,13196.399999999994
64,16443.09999999999,100,13484.499999999996
53,16330.900000000007,87,13175.800000000005
59,15943.0,105,13535.1
50,15705.400000000009,83,13643.3
82,16284.300000000008,101,13801.399999999996
41,15709.200000000013,77,13156.199999999997
40,16028.4,103,13869.799999999994
74,16077.200000000013,72,13473.299999999996
37,16382.700000000004,75,13537.299999999996
52,16046.500000000007,94,13620.800000000003
69,16210.900000000007,78,13283.200000000003
51,16158.499999999998,78,13181.899999999992
51,16484.89999999999,104,13647.299999999997
52,16310.500000000005,94,13803.29999999999
45,15960.0,101,13714.699999999999
36,15908.200000000008,103,13698.599999999999
62,16809.89999999999,103,13476.199999999993
63,15906.600000000006,95,13442.399999999992
71,16169.900000000005,93,13507.599999999999
56,15923.100000000004,90,13323.899999999998
64,16647.399999999998,88,13397.699999999997
50,16416.299999999992,80,13398.099999999995
57,15981.9,77,13272.699999999995
49,16012.600000000008,108,13596.699999999997
65,16124.400000000003,82,13421.399999999998
70,16277.10000000001,82,13409.999999999993
49,16038.400000000012,83,13342.0
39,15762.1,97,13532.099999999999
53,15955.200000000006,102,13682.599999999995
50,16517.299999999996,84,13590.999999999995
57,16457.099999999988,78,13840.199999999993
72,16311.400000000014,80,13394.499999999998
54,16061.2,78,13260.8
42,16154.8,86,13821.599999999997
50,16040.9,73,13090.999999999993
54,16484.09999999999,87,13665.199999999999
53,15808.300000000012,108,14074.0
57,16013.800000000001,91,13414.699999999997
56,16285.20000000001,92,13541.199999999999
67,16099.099999999999,82,13813.500000000002
63,16247.300000000001,78,13313.499999999993
56,16469.299999999996,98,14175.899999999998
57,16176.900000000005,88,13147.899999999996
57,16069.50000000001,76,13251.499999999996
47,16043.40000000001,86,13276.89999999999
52,16217.899999999998,92,13321.49999999999
59,16065.700000000004,79,13452.300000000001
55,16274.800000000007,84,13679.399999999998
42,15879.800000000008,104,13690.999999999993
44,16147.300000000001,76,13381.29999999999
52,16289.100000000004,76,13245.800000000001
55,15822.200000000008,85,13129.8
66,16535.899999999994,84,13292.399999999996
53,16304.400000000009,88,13300.49999999999
59,16031.800000000008,91,13433.099999999991
57,16073.900000000012,91,13757.0
63,16190.300000000007,102,13763.499999999995
41,16075.500000000004,79,13309.6
55,16279.500000000004,91,13383.300000000003
47,15829.700000000003,103,13608.699999999997
67,16497.09999999999,78,13122.499999999998
53,15813.500000000005,88,14672.199999999999
75,16950.999999999996,102,13413.7
73,16519.999999999993,96,13728.300000000001
33,15822.4,83,13253.8
61,16497.99999999999,94,13268.0
50,16472.7,87,13327.999999999998
46,16562.59999999999,68,13685.199999999995
72,16021.000000000002,85,13203.499999999995
40,15982.100000000008,83,13586.399999999998
36,16187.000000000007,105,13276.999999999996
55,16174.600000000002,91,14188.9
51,16193.900000000007,76,13510.999999999998
68,16242.4,102,13683.999999999987
35,15941.300000000005,99,13285.199999999997
59,16363.199999999999,66,13851.200000000003
42,15801.100000000008,94,13392.399999999994
35,16122.700000000008,104,13721.000000000002
54,15928.200000000004,99,13320.2
65,15975.200000000008,96,13435.199999999999
55,16223.600000000004,76,13271.699999999999
60,16254.800000000008,91,13875.199999999995
42,15763.60000000001,90,13836.800000000005
51,15897.800000000001,94,13449.199999999999
31,15678.200000000008,84,13431.499999999995
69,16538.799999999992,88,13634.000000000005
59,16279.000000000005,68,13219.399999999994
43,16138.700000000006,76,13053.699999999997
40,16491.699999999993,84,13503.999999999996
41,16418.999999999993,80,13214.199999999997
43,16011.600000000002,80,13331.6
40,15813.600000000008,76,13231.699999999997
47,15977.800000000012,94,13587.299999999997
76,16484.69999999999,72,13297.699999999997
42,16187.900000000001,71,12905.099999999999
48,15908.000000000002,102,13998.6
42,16103.700000000006,87,13610.1
56,16839.199999999997,99,13581.499999999996
53,15974.800000000001,84,13675.599999999995
44,15951.600000000004,95,13410.599999999999
58,15852.20000000001,87,13283.499999999998
58,16303.400000000005,69,13367.199999999995
77,16352.60000000001,83,13423.599999999999
43,15998.600000000006,72,13519.299999999997
35,15797.100000000006,102,13572.0
41,16105.200000000006,84,13657.699999999993
56,16123.20000000001,79,13408.799999999997
49,16526.699999999993,88,13469.999999999996
55,16051.000000000005,85,13704.299999999994
60,16526.499999999993,90,13389.900000000003
65,16252.80000000001,79,13342.099999999999
51,16030.200000000008,72,13435.099999999997
47,15808.800000000005,85,13211.899999999996
51,15923.100000000006,85,13682.299999999996
49,15752.900000000001,77,13349.9
78,16267.000000000004,101,13967.999999999998
61,16395.3,100,13232.399999999996
47,16096.800000000003,75,13325.29999999999
53,16771.39999999999,88,14033.099999999997
57,16389.100000000002,93,13486.799999999994
69,17057.49999999999,82,13347.3
57,16182.400000000012,92,13254.999999999998
63,16252.300000000005,82,13417.799999999996
65,16188.60000000001,106,13738.699999999997
57,16621.199999999997,83,13173.99999999999
51,16259.000000000018,100,13645.999999999995
62,15887.20000000001,87,13554.099999999997
62,15992.200000000004,92,13260.800000000001
46,16217.0,102,13365.999999999996
53,15831.40000000001,81,13158.89999999999
53,16360.500000000005,79,13583.699999999999
54,15923.800000000001,65,13023.399999999998
67,16281.200000000006,98,13773.9
49,16350.100000000011,90,13259.4
50,16270.500000000005,106,13815.399999999998
38,15803.200000000006,99,13886.099999999993
53,16282.30000000001,111,14002.4
61,16055.000000000007,108,14174.399999999996
38,16000.000000000007,94,13223.099999999999
81,16791.899999999994,104,13523.799999999997
59,16219.300000000005,97,13508.399999999998
48,16446.09999999999,88,13724.400000000001
53,15940.900000000001,90,13217.099999999993
60,16140.000000000007,86,13336.499999999998
59,16858.199999999993,88,13633.29999999999
78,16163.400000000001,100,13648.399999999996
47,15957.200000000006,79,13128.999999999995
53,16061.400000000007,94,14265.799999999994
48,16136.700000000004,72,13228.999999999998
49,15896.000000000005,94,14775.199999999995
51,16421.099999999995,86,13521.300000000001
53,16186.000000000005,105,13480.999999999996
49,15924.000000000005,100,13239.000000000002
49,16326.000000000005,101,13613.199999999997
66,16119.600000000011,90,14223.499999999995
66,16362.600000000002,92,13219.899999999994
49,15975.300000000007,95,13596.9
51,16206.700000000013,79,13683.900000000001
61,16107.800000000012,101,13614.299999999992
67,16481.599999999984,88,13183.1
58,16357.600000000004,93,13537.499999999996
43,16173.600000000008,78,13782.400000000001
42,16146.900000000003,78,13375.799999999994
39,16026.000000000004,70,13124.000000000002
53,16350.000000000004,92,13382.299999999997
64,16148.300000000007,107,13590.199999999997
49,15870.60000000001,80,13493.600000000002
53,16086.700000000003,80,13195.799999999992
59,16227.200000000006,98,13412.099999999993
39,16075.800000000005,81,13505.3
54,16093.100000000006,94,13482.799999999996
47,16268.40000000001,77,13640.099999999997
58,16330.000000000007,104,14025.799999999997
58,15784.500000000007,94,13451.099999999997
46,15917.000000000011,102,13885.999999999998
44,15914.900000000003,101,13521.399999999996
52,16376.500000000002,96,13220.899999999996
69,16119.700000000012,79,13486.7
57,16219.600000000006,99,13516.4
58,16187.800000000005,89,13438.899999999998
48,16231.000000000011,86,13389.799999999996
52,16203.800000000016,96,13249.699999999999
59,15999.50000000001,77,13439.800000000003
68,16122.900000000012,101,13465.800000000001
53,16101.700000000003,95,13648.699999999993
54,16752.399999999998,98,13564.19999999999
52,15974.800000000005,100,13474.199999999997
47,16042.000000000002,91,13484.7
59,16141.50000000001,85,13225.099999999991
53,16132.600000000008,87,13321.000000000002
44,15852.400000000005,93,13998.799999999994
49,16104.500000000007,95,13723.599999999999
86,16497.099999999988,87,13273.099999999995
53,15857.700000000003,70,13235.999999999996
57,16202.100000000004,63,13399.899999999994
33,15979.500000000005,102,13811.3
59,16443.599999999995,93,13546.399999999992
49,16223.100000000004,87,13847.9
67,15937.10000000001,66,13395.69999999999
54,16092.200000000008,86,13226.799999999997
50,16127.100000000006,81,13420.399999999994
45,16043.200000000006,77,13552.299999999992
51,16164.0,96,13278.099999999999
54,15983.500000000005,78,13210.200000000003
74,16382.100000000006,93,13883.499999999995
64,16537.299999999996,91,13810.799999999997
45,15926.900000000007,77,12958.399999999994
54,16018.200000000008,80,13436.899999999996
47,16058.600000000006,81,13506.799999999992
60,16335.80000000001,93,13680.599999999997
54,16229.100000000002,81,13302.299999999994
65,16450.899999999994,101,13544.299999999997
46,15846.700000000012,67,13555.499999999998
52,16034.500000000005,74,13218.000000000002
50,16851.699999999997,74,13661.7
49,16139.300000000007,91,13357.000000000004
47,15900.800000000007,79,13636.899999999994
65,15930.800000000005,82,13409.700000000003
60,16331.100000000006,96,13269.999999999996
55,16054.000000000002,97,13566.800000000007
45,16166.500000000004,78,13393.699999999999
61,16075.600000000004,75,13334.099999999999
50,16201.100000000006,86,13337.699999999997
56,15908.900000000001,112,14080.599999999995
56,16109.100000000006,87,13606.49999999999
45,16096.2,85,13561.199999999995
42,15724.500000000002,90,13593.099999999991
73,16032.9,97,13877.4
76,16051.10000000001,98,13489.0
76,17068.799999999992,96,13264.399999999994
56,16122.900000000001,103,13588.200000000003
66,15996.100000000008,90,13331.100000000004
56,16141.200000000003,94,13375.300000000001
50,16216.100000000011,97,13403.199999999997
49,16808.1,110,14208.800000000003
58,16218.700000000008,82,13399.700000000008
57,15920.9,108,13601.199999999995
52,16181.800000000001,76,13831.799999999997
55,16062.600000000006,94,13447.199999999992
74,16104.100000000002,83,13652.099999999999
43,15857.100000000006,86,13424.599999999997
43,15890.400000000005,99,13406.700000000004
69,16169.900000000005,108,14245.399999999992
33,15889.000000000005,98,13514.999999999995
42,15965.500000000004,68,13576.8
62,16011.60000000001,98,13222.399999999994
47,15764.799999999997,96,13753.599999999997
45,16264.500000000011,76,13659.499999999995
40,15923.100000000004,92,13567.0
63,16422.299999999996,93,13561.099999999993
59,16200.500000000004,83,13563.199999999997
54,16365.100000000006,86,13263.300000000003
62,16281.800000000001,76,13183.500000000002
60,15957.700000000004,75,13331.899999999996
79,16342.400000000007,84,13635.099999999999
37,15701.100000000006,82,13108.599999999993
42,15970.900000000012,75,13548.999999999989
69,16285.500000000005,85,13178.799999999996
71,16134.400000000005,81,13299.7
56,16488.499999999996,66,13278.699999999997
57,16351.800000000003,87,13991.699999999997
51,16340.900000000005,65,12892.399999999992
54,16377.800000000012,94,13792.599999999995
70,16071.200000000003,83,13082.099999999997
64,16256.100000000008,77,13334.999999999996
43,16138.700000000006,89,13543.099999999993
61,16375.600000000008,104,13692.099999999993
56,15978.7,93,13871.899999999994
44,16220.400000000001,82,13623.3
52,16182.100000000008,112,13962.399999999998
62,16145.600000000011,83,13580.999999999993
32,16312.100000000008,87,14042.599999999995
43,15889.800000000005,78,13217.199999999999
52,16174.100000000004,88,13423.8
55,16220.100000000006,87,13172.599999999991
51,16074.900000000001,91,13497.099999999997
62,16139.300000000008,76,13689.600000000002
42,15707.700000000003,90,13532.199999999997
62,15953.400000000001,84,13442.399999999992
54,16640.499999999996,92,13402.799999999997
50,15909.5,112,14415.399999999994
50,16060.900000000003,83,13336.500000000002
71,15734.300000000003,80,13544.9
55,15994.200000000006,71,13020.299999999994
70,15989.100000000008,74,13298.599999999995
58,15896.800000000003,62,13265.599999999995
56,16477.699999999997,84,13148.899999999996
55,15782.400000000005,89,13819.200000000003
61,16042.000000000005,88,13542.9
56,16053.200000000006,96,13688.799999999997
49,16228.00000000001,89,13581.299999999994
75,16109.600000000004,76,13206.799999999996
57,16649.399999999998,64,13288.49999999999
64,16101.900000000007,92,13325.699999999995
56,16105.600000000004,105,13823.400000000001
60,15991.40000000001,106,13979.299999999996
48,16180.400000000012,87,13407.699999999995
63,16222.900000000001,77,13133.79999999999
69,16223.300000000008,133,13865.900000000001
58,16483.099999999995,76,13706.399999999992
46,16427.899999999998,80,13170.299999999992
50,15907.300000000012,115,14290.599999999993
50,16074.200000000008,78,13217.299999999996
55,16169.800000000007,95,13551.8
69,16109.200000000006,80,13136.499999999995
47,16258.400000000007,107,13338.199999999999
48,16260.700000000004,98,13778.100000000002
56,16173.499999999998,70,13022.200000000003
51,16061.800000000003,107,13721.000000000002
55,16292.300000000007,85,13597.899999999998
58,16177.699999999999,99,13528.300000000003
44,15961.500000000005,95,13340.999999999995
50,15810.900000000003,76,13308.0
53,15963.999999999995,107,13838.599999999993
54,16357.200000000006,103,13411.8
51,15988.900000000005,104,13391.399999999996
61,16052.100000000002,77,13777.0
51,15851.100000000006,88,13243.4
46,15867.199999999999,99,13815.699999999993
43,15842.400000000009,83,13461.300000000001
48,16228.900000000005,111,13708.7
63,15995.500000000011,67,13480.700000000004
42,15903.800000000003,82,12965.999999999998
62,16367.700000000004,83,13445.999999999996
46,16066.699999999997,93,13652.099999999997
49,15891.900000000007,95,14043.299999999996
55,16112.300000000001,98,13597.599999999999
56,16673.699999999997,94,13445.799999999994
61,16856.799999999992,72,13975.799999999996
47,16394.200000000008,80,13622.899999999998
57,16348.100000000004,97,13375.099999999995
66,16818.199999999997,79,13253.599999999993
56,15853.000000000007,121,13872.500000000002
39,15914.000000000007,68,13031.4
50,16296.200000000004,90,13397.699999999993
48,16139.000000000002,65,13219.999999999996
52,15901.600000000011,96,13579.499999999995
56,16308.800000000007,79,13568.299999999997
57,16091.500000000007,86,13372.499999999996
44,15790.100000000002,68,13699.300000000003
51,16223.200000000006,80,13482.799999999992
53,16017.700000000008,99,13709.399999999992
84,16699.099999999995,86,13386.799999999992
77,16283.700000000008,89,13509.999999999998
47,15724.60000000001,102,13708.9
68,16093.600000000011,82,13404.500000000002
53,16062.800000000001,81,13040.700000000004
59,16152.900000000003,104,13993.399999999996
56,15836.100000000002,108,13509.000000000002
52,16478.999999999996,82,13381.799999999994
57,15988.900000000003,86,13284.399999999996
33,15683.400000000007,87,13382.299999999996
51,15964.20000000001,96,13434.3
63,16012.400000000001,90,13755.399999999998
70,16292.300000000007,91,13368.699999999997
50,16151.50000000001,97,13562.999999999998
67,16217.700000000006,99,13685.800000000001
41,15965.6,98,13186.199999999995
50,16019.400000000012,96,13504.000000000004
47,16022.500000000004,100,13483.399999999992
45,15965.099999999999,89,13494.299999999996
36,15716.300000000012,86,13399.299999999997
46,16286.800000000001,92,13395.399999999996
39,16103.800000000005,98,13653.199999999993
56,16458.699999999997,81,13389.999999999995
58,16464.800000000007,85,13582.999999999998
79,16372.9,93,13410.000000000004
41,15892.300000000008,105,13864.299999999992
54,16384.3,100,13733.0
59,16039.900000000009,100,13477.000000000004
56,16188.700000000004,82,13395.499999999995
76,16315.300000000005,83,13197.699999999993
69,16231.000000000004,87,13546.799999999994
52,16122.300000000008,95,13621.6
54,16174.700000000012,107,13486.199999999995
54,16155.300000000012,89,13866.400000000009
49,16188.000000000007,96,14196.600000000002
37,16166.300000000003,90,13682.3
57,16159.70000000001,76,13445.2
64,16453.09999999999,107,14549.8
51,15920.50000000001,87,13473.399999999996
41,16213.600000000008,103,13708.899999999996
61,16450.299999999992,94,14045.499999999998
48,15899.300000000008,85,13466.89999999999
58,16168.200000000004,85,14051.000000000004
71,16521.799999999996,98,13408.600000000002
61,16381.800000000007,110,13784.799999999988
49,16228.000000000002,100,13671.399999999998
47,16062.000000000005,94,13832.699999999995
48,16058.000000000002,91,13690.299999999997
42,16111.100000000004,84,14203.499999999995
49,16139.500000000004,89,13603.999999999996
51,15919.700000000004,101,14277.0
48,15842.400000000007,89,13324.300000000003
71,16060.100000000002,97,14333.7
39,16282.300000000008,65,13578.900000000003
65,16339.400000000003,89,13624.300000000003
68,16384.20000000001,74,13648.299999999994
55,15812.400000000001,90,13578.799999999997
53,16282.900000000005,108,13640.399999999996
56,15948.800000000005,88,13345.399999999998
44,16613.19999999999,64,13428.899999999998
79,16589.699999999997,85,13502.699999999999
39,15724.200000000006,109,13823.499999999998
51,16151.800000000003,108,13812.599999999995
59,16301.300000000007,92,13332.899999999994
42,15990.40000000001,85,13498.299999999992
51,16066.400000000009,83,13209.799999999992
56,16093.900000000007,88,13337.699999999999
43,15812.300000000005,117,13933.0
60,16785.699999999993,82,13352.699999999999
53,16117.200000000008,79,12997.999999999995
63,16393.200000000004,78,13552.4
67,16181.00000000001,101,13936.499999999998
37,15856.800000000007,99,13302.499999999993
66,16253.30000000001,94,14057.599999999997
49,16061.300000000001,91,13578.49999999999
49,16005.700000000003,106,13628.099999999999
66,16775.6,83,13737.1
31,15931.400000000007,106,13947.699999999993
33,15839.400000000003,71,13216.499999999996
51,16285.200000000006,78,13368.7
62,16621.999999999996,99,13471.800000000003
55,16153.400000000001,98,13523.999999999993
69,16332.000000000005,95,14026.999999999995
63,16197.90000000001,103,13538.299999999996
58,15981.500000000005,98,13519.899999999992
65,16148.400000000003,99,13570.899999999996
64,16270.500000000002,109,14098.699999999997
76,16318.200000000003,111,13741.799999999996
42,15652.500000000002,94,13439.099999999995
64,16327.900000000003,96,13509.4
66,16254.800000000007,59,13309.099999999993
51,15979.199999999997,89,13415.299999999996
44,15710.800000000001,93,13899.49999999999
45,16651.6,106,13538.600000000002
46,16546.99999999999,114,13848.399999999992
30,16033.90000000001,84,13316.399999999998
46,16453.399999999994,95,13414.099999999991
49,15795.900000000001,96,13360.499999999993
51,15831.000000000002,78,13653.199999999995
43,16093.1,81,13125.4
49,16057.500000000005,73,13263.7
45,15972.600000000002,92,13868.999999999995
58,16219.500000000007,76,13458.39999999999
58,16166.500000000005,89,13403.299999999997
50,15962.7,83,13492.200000000003
55,15914.5,87,13663.799999999997
50,15952.600000000004,83,13727.99999999999
65,16258.900000000007,103,13792.199999999997
50,15866.400000000007,102,13528.799999999996
70,16189.900000000001,93,14363.499999999998
62,16276.800000000007,95,13434.999999999989
46,16359.10000000001,74,13152.8
50,15946.000000000007,106,13764.699999999993
45,16229.000000000007,100,13616.699999999997
47,16175.900000000005,69,13486.899999999998
46,15893.900000000007,87,13329.399999999998
47,15935.200000000008,80,13358.999999999995
69,16010.00000000001,67,13056.199999999992
54,16007.400000000005,86,13676.1
62,16063.800000000007,85,13484.000000000002
69,16118.900000000005,90,13991.100000000002
57,15896.300000000007,112,13754.299999999996
74,16373.900000000007,84,13402.999999999993
65,16111.900000000005,77,13333.399999999996
56,16357.700000000004,90,13294.900000000001
56,16513.300000000003,108,13965.699999999993
60,16777.299999999996,76,13464.2
43,16094.500000000005,73,13375.199999999999
55,16209.100000000008,86,13324.799999999996
43,16533.199999999993,106,13369.8
56,15810.2,74,13495.199999999992
50,16214.800000000005,94,13356.599999999995
34,15995.100000000006,85,13213.39999999999
36,16692.59999999999,94,14057.899999999992
46,16135.1,93,13544.599999999997
63,16285.500000000005,89,13552.199999999995
43,16065.300000000012,80,13366.4
56,16682.49999999999,85,13578.199999999993
49,15822.400000000001,70,13439.599999999991
39,15979.900000000003,83,13227.099999999995
67,16781.499999999993,93,13234.199999999993
60,16500.199999999993,69,13190.599999999993
48,15950.700000000004,107,14718.399999999996
56,16400.3,84,13710.999999999996
70,16436.399999999994,74,13459.500000000005
64,16067.300000000007,99,13404.199999999995
63,15996.899999999998,97,13962.299999999994
35,15872.600000000006,82,13522.399999999998
46,16430.699999999986,104,13538.099999999993
44,15723.6,77,13245.199999999997
63,16446.69999999999,84,13081.799999999997
50,15948.800000000008,107,13583.299999999997
26,15696.300000000003,75,13314.900000000001
59,16131.600000000006,86,13504.300000000001
64,16096.300000000007,104,13802.000000000002
61,16239.100000000002,77,13480.599999999995
42,16335.300000000003,94,13479.499999999996
56,16035.400000000003,80,13751.899999999996
61,16438.4,104,13667.899999999998
51,16220.300000000007,102,13344.599999999991
47,15847.200000000003,84,13361.499999999996
64,17057.89999999999,79,13226.599999999986
59,16525.299999999996,95,13526.0
51,16504.89999999999,77,13141.799999999997
69,16494.500000000004,88,13460.499999999993
48,15993.800000000001,115,14338.0
47,15871.300000000007,56,13388.099999999995
57,16345.900000000003,79,13719.799999999996
58,16333.30000000001,92,13939.099999999995
67,16042.700000000012,68,13497.2
67,16083.100000000011,112,13557.9
31,16125.200000000003,100,14109.0
41,16689.1,82,13331.299999999992
65,16086.200000000004,77,14121.499999999996
54,15905.200000000006,89,13311.199999999999
57,16315.300000000005,98,13730.200000000003
52,15857.600000000002,84,13338.599999999995
53,16459.799999999992,104,13248.099999999999
70,16038.500000000013,75,13327.0
50,15823.300000000007,90,13644.399999999996
77,16571.600000000002,79,13531.199999999995
61,16653.9,88,13512.199999999995
57,16263.100000000002,92,13528.2
50,16146.100000000008,100,14413.8
58,16142.699999999999,79,13685.4
50,16033.800000000008,83,13555.5
58,16340.300000000008,91,13291.000000000002
44,15845.100000000004,98,14139.400000000003
60,16918.800000000003,91,13554.3
50,16109.199999999997,100,13582.299999999997
53,15891.000000000004,110,13822.699999999992
47,16294.900000000009,113,13598.699999999992
62,16511.6,63,13401.6
44,15907.000000000005,94,13555.999999999995
31,16054.299999999997,77,13363.299999999997
44,15865.100000000006,101,14096.299999999997
32,15741.9,107,13454.699999999993
58,15866.300000000007,72,13378.499999999998
47,15868.900000000005,93,13832.5
49,16018.50000000001,94,13401.799999999994
53,16022.000000000004,89,13249.999999999998
53,16021.50000000001,82,13431.400000000001
44,16059.600000000006,90,13336.9
52,15954.300000000008,94,13870.099999999997
40,16326.000000000004,72,13410.999999999995
72,16300.500000000004,93,13869.499999999998
60,16362.000000000005,81,13472.499999999998
34,15747.000000000004,83,13620.599999999999
67,16693.899999999994,97,13430.500000000005
39,15750.400000000005,107,13685.39999999999
58,16268.699999999999,82,13615.099999999997
43,15865.499999999998,98,13251.099999999997
52,16131.000000000007,78,13685.5
65,16080.500000000005,110,13615.699999999999
44,15951.800000000003,91,13818.199999999984
67,16150.80000000001,81,13314.899999999992
55,16397.600000000002,103,13587.19999999999
44,16176.800000000008,81,13429.0
54,16093.800000000005,67,13204.299999999992
61,15968.100000000006,84,14225.499999999998
49,16431.899999999994,95,13353.099999999999
72,16110.700000000006,75,13207.199999999997
42,16067.100000000006,93,13503.799999999996
45,15849.700000000003,90,13341.299999999997
66,16440.4,82,13470.199999999995
54,16327.400000000005,82,13362.89999999999
63,16230.2,88,13493.900000000003
51,16343.300000000005,79,13375.299999999997
58,16135.700000000004,84,13505.699999999995
55,16077.900000000003,107,13539.499999999996
70,16003.900000000007,92,13490.899999999998
60,16322.800000000007,91,13673.799999999996
57,15874.900000000005,85,13717.900000000001
52,16461.299999999992,107,13765.099999999995
44,15929.800000000005,85,13260.599999999991
60,15950.300000000007,75,13270.499999999996
57,16000.800000000008,90,13515.499999999998
60,16488.599999999995,69,13336.5
51,16061.100000000008,103,13855.1
44,16081.000000000005,95,13606.599999999995
59,15998.700000000006,82,13890.800000000001
39,15655.100000000002,111,13584.800000000003
27,16051.500000000007,89,13362.999999999995
45,16392.600000000002,95,13521.9
49,16348.200000000006,101,14696.3
52,16093.300000000008,81,13534.399999999992
49,16225.5,75,13924.499999999998
61,16246.900000000012,114,14007.700000000003
45,16242.800000000007,80,13386.800000000001
50,15997.400000000009,72,13411.099999999993
73,16180.900000000009,82,13304.399999999998
56,16214.300000000007,84,13537.400000000003
65,16080.20000000001,94,14120.899999999996
72,16467.299999999996,96,13362.299999999997
65,16116.900000000005,89,13365.699999999997
51,15884.900000000005,71,13008.500000000002
41,16007.500000000004,129,13887.1
65,16905.799999999996,93,13780.799999999996
42,15853.000000000004,96,13569.399999999994
69,16102.800000000001,92,13739.1
50,15975.400000000003,84,14307.399999999996
55,16499.19999999999,80,13302.399999999994
65,16192.000000000002,82,13133.3
31,15908.699999999997,104,13397.200000000004
46,15975.4,89,13372.199999999997
75,16198.300000000008,112,13397.499999999996
55,15931.000000000016,88,13419.399999999994
74,17896.89999999999,96,13671.09999999999
55,15911.100000000006,96,13284.099999999999
50,16416.299999999992,78,13278.199999999997
57,16110.500000000004,75,13524.499999999998
69,16092.6,74,13267.499999999995
47,16171.099999999999,99,13497.499999999996
57,16134.300000000005,90,13974.199999999993
58,16083.600000000013,67,13252.999999999998
50,15956.300000000001,112,13921.4
51,15725.100000000004,96,13711.899999999994
37,16008.900000000007,107,13605.999999999996
59,16023.6,96,13408.099999999999
54,16044.500000000013,99,13310.799999999994
45,15839.9,72,13272.800000000001
52,16033.1,97,13618.899999999994
57,16348.800000000005,86,13124.899999999998
45,16054.4,92,13441.899999999996
53,15939.700000000012,85,13307.299999999996
62,16190.600000000008,113,13671.800000000003
48,15962.400000000005,87,13453.999999999998
59,16033.100000000008,105,13687.799999999994
50,16007.700000000006,102,13392.6
58,16549.599999999995,87,13544.999999999998
55,16102.300000000005,91,13631.399999999992
48,16154.299999999997,91,13514.8
49,16198.300000000005,62,13105.800000000001
58,15822.000000000005,82,13555.799999999997
58,15890.100000000002,104,13734.899999999994
53,15859.700000000004,92,13681.899999999992
69,16267.800000000001,67,13350.199999999999
60,16346.900000000009,76,13005.599999999993
50,16015.300000000005,96,13535.099999999997
49,16155.70000000001,68,13603.0
49,16046.900000000007,112,13559.899999999992
59,16165.800000000008,86,13166.099999999999
63,17204.499999999996,77,13384.699999999995
42,16202.900000000009,93,13566.200000000003
46,16054.300000000005,73,13292.3
43,16244.100000000002,79,13320.799999999992
59,16248.50000000001,64,12981.399999999994
45,15899.100000000008,113,13755.599999999999
53,15932.500000000004,70,13121.5
53,16307.400000000003,94,13180.199999999999
52,16420.09999999999,92,13586.4
51,16443.799999999996,86,13425.499999999996
53,16178.200000000006,107,13558.999999999998
64,16193.100000000006,100,13527.699999999992
65,16179.200000000006,80,13204.399999999996
43,16143.700000000006,84,13426.499999999998
48,16580.8,91,13350.800000000001
49,15997.700000000006,98,13412.199999999999
53,16104.300000000005,77,13086.599999999997
52,16099.900000000012,81,13414.2
50,16242.500000000011,64,13271.999999999998
58,16487.799999999996,76,13297.499999999989
52,15888.300000000008,85,13287.299999999994
66,16261.599999999999,102,13471.899999999996
51,16054.300000000003,94,13288.399999999996
44,16174.20000000001,89,13393.500000000002
51,15940.2,98,14588.499999999996
37,16077.100000000008,84,13586.89999999999
50,16004.500000000005,100,13426.999999999998
43,16446.699999999997,79,13200.5
44,15958.200000000003,88,13219.299999999997
58,16300.800000000007,103,13809.199999999997
42,15775.600000000004,108,13806.099999999997
41,16230.100000000002,81,13632.399999999998
60,16264.500000000004,69,13047.099999999997
40,16095.400000000001,91,13632.899999999992
62,16157.800000000007,99,13767.1
59,16343.700000000006,86,13603.600000000006
47,16084.300000000007,92,14389.199999999997
63,16290.50000000001,96,13340.900000000001
41,15866.30000000001,103,13454.99999999999
50,16020.400000000009,104,13568.4
51,16081.800000000007,85,13559.2
52,15836.800000000007,79,13372.799999999996
64,16153.500000000005,77,13183.999999999993
78,16222.200000000006,86,13292.3
72,16179.699999999997,88,13504.399999999996
61,15887.300000000007,91,13527.799999999994
55,15910.900000000009,93,13549.000000000007
35,15936.300000000007,82,13179.8
49,16100.800000000003,71,13123.299999999992
40,15796.699999999999,86,14231.300000000005
45,16124.1,85,13694.200000000003
58,15885.00000000001,95,13673.199999999993
44,15784.000000000004,91,13441.699999999986
50,15986.5,91,13444.400000000001
66,16358.800000000008,91,13528.599999999999
48,15972.100000000011,71,13340.400000000001
42,15902.100000000008,78,13315.199999999995
49,16197.200000000006,111,13756.699999999999
67,16980.99999999999,85,13882.299999999992
62,16184.700000000006,106,14030.599999999995
57,16112.4,62,12948.200000000003
45,15929.7,106,13422.9
40,15887.700000000006,103,13973.199999999999
61,16395.400000000005,63,13720.199999999992
53,16222.300000000007,83,13174.499999999996
41,15673.400000000005,104,13591.499999999996
62,16065.600000000006,61,12958.699999999995
62,16203.300000000007,77,13324.399999999994
52,15995.400000000001,83,13402.900000000001
58,15987.000000000007,85,13272.199999999997
79,16254.500000000005,85,13703.199999999995
52,15936.199999999999,91,13505.299999999997
38,15981.900000000003,97,13633.500000000002
45,15973.100000000008,85,13431.4
53,15930.600000000002,80,13304.0
