198,21462.200000000033,108,22501.300000000043
204,20165.500000000022,148,23517.20000000003
181,20293.90000000001,140,23327.90000000004
191,20435.500000000015,121,23373.000000000025
201,20616.70000000001,122,23227.700000000026
200,20666.000000000025,114,24147.100000000035
227,21100.600000000024,115,22871.200000000033
197,20223.00000000002,126,23962.400000000016
195,20220.100000000024,151,26172.80000000004
198,21523.200000000023,152,24987.800000000036
226,22038.800000000025,160,24581.900000000027
214,21071.10000000003,129,25403.200000000033
189,20462.000000000015,156,25983.50000000003
201,20238.20000000001,127,23818.10000000003
188,20775.100000000024,163,25480.300000000036
196,20880.800000000017,132,23197.500000000033
201,20431.900000000023,169,25648.700000000037
188,21401.200000000023,133,24437.80000000004
200,19895.60000000002,161,26411.800000000047
226,20222.70000000002,148,23937.00000000004
195,20599.70000000001,125,21963.500000000025
190,21314.400000000023,124,22291.700000000037
207,20517.600000000017,111,22738.400000000038
194,21216.90000000002,151,25371.10000000003
206,20468.900000000023,95,21785.400000000012
184,20405.70000000002,112,24195.60000000004
213,20997.70000000003,152,24977.900000000034
207,21247.000000000022,148,25839.200000000026
196,20707.400000000023,133,21857.700000000023
201,20295.30000000002,121,24429.700000000026
200,20504.300000000017,143,25037.10000000003
209,20562.500000000025,139,26382.900000000038
218,20246.500000000015,130,23840.10000000003
212,20366.50000000002,113,22248.900000000034
194,20723.70000000002,146,24430.300000000047
200,20299.800000000014,125,22517.30000000002
207,20536.30000000002,154,26351.60000000004
205,20117.300000000017,141,23351.900000000027
199,20439.50000000002,129,23615.200000000033
203,20309.100000000017,138,24882.400000000038
211,20838.90000000002,110,22563.00000000003
209,20362.80000000002,120,22901.800000000025
192,20261.300000000017,156,25238.500000000036
198,20057.30000000002,125,22599.800000000032
243,21693.200000000015,154,24206.400000000045
206,20395.600000000028,134,27975.900000000034
199,20738.30000000002,136,24074.600000000042
199,21338.30000000003,149,25098.400000000038
210,20508.200000000015,125,22303.900000000038
207,20279.300000000017,140,22998.600000000028
205,20262.900000000023,158,25355.300000000032
204,20275.500000000015,156,24378.20000000003
203,20678.50000000002,146,24312.300000000036
209,20500.90000000002,158,23624.80000000003
207,20441.000000000025,124,23044.20000000004
191,20405.60000000002,113,22764.60000000003
206,20827.000000000022,128,22280.000000000036
204,20410.000000000022,141,23703.300000000036
212,20737.80000000002,107,20977.100000000024
192,19998.500000000015,150,23722.400000000034
186,20121.300000000017,141,23153.000000000033
205,20257.800000000025,127,23043.40000000003
193,20533.40000000002,142,26435.30000000004
198,19867.700000000015,99,22549.20000000003
185,20079.500000000015,158,25637.300000000036
194,20882.60000000002,161,25694.000000000036
189,21248.700000000015,139,23678.500000000033
202,20246.100000000017,156,24741.00000000003
211,20202.60000000002,123,23563.800000000032
197,20771.000000000025,125,23230.20000000004
206,21804.400000000016,134,24500.900000000027
215,20274.60000000001,113,21905.600000000024
217,21242.50000000003,135,27685.60000000002
179,20005.20000000002,152,26736.60000000003
183,20909.000000000025,143,24379.90000000004
207,23162.20000000002,146,26128.700000000033
208,20472.000000000025,129,25502.900000000045
226,22855.80000000002,130,23029.50000000003
197,19817.300000000014,109,22410.000000000033
189,20242.60000000002,137,25031.500000000033
179,20721.000000000025,152,25839.700000000033
196,21221.000000000022,158,24556.500000000025
178,20392.80000000003,140,22730.000000000036
216,20102.500000000015,129,22857.600000000024
200,20554.100000000024,146,23664.000000000036
193,21399.900000000027,129,22796.30000000003
202,20697.30000000003,138,24581.10000000004
198,20428.00000000002,133,23944.400000000023
203,20488.10000000002,126,23994.80000000004
191,20153.10000000002,109,22255.50000000003
204,20975.600000000017,138,22877.10000000003
205,20119.50000000002,153,25444.500000000033
205,19868.60000000002,173,27226.800000000032
201,20188.20000000001,163,25597.300000000043
200,20226.40000000002,126,23930.20000000002
217,20489.100000000017,126,23334.100000000035
181,20701.500000000022,104,25079.500000000033
198,20261.60000000002,127,22833.200000000033
190,20747.400000000023,160,26467.10000000004
206,20485.10000000002,150,24235.600000000042
193,20366.600000000017,151,25348.600000000035
197,20518.300000000017,132,23444.900000000038
214,21425.700000000026,135,24787.30000000003
203,20982.200000000023,137,24838.10000000004
200,21213.400000000027,145,25215.300000000036
218,20024.000000000015,148,24038.400000000038
202,20140.100000000024,141,24386.000000000036
174,19928.200000000033,135,23631.500000000033
205,20910.100000000028,127,25011.80000000004
191,21010.400000000027,132,24182.60000000004
199,21391.30000000002,135,23782.80000000003
213,21628.70000000003,103,23642.10000000004
193,19973.20000000002,149,26996.900000000034
221,21676.100000000013,148,24384.200000000026
183,20588.200000000023,125,24328.800000000036
194,20378.90000000002,112,24003.60000000003
200,20992.20000000003,150,26145.40000000004
213,20562.70000000002,141,24449.00000000004
213,20658.20000000002,137,24567.20000000003
214,20437.400000000027,128,23088.30000000004
206,22083.500000000022,115,22911.000000000022
207,20517.80000000002,133,23376.60000000003
196,20272.100000000017,169,24153.000000000025
202,20354.30000000002,147,23513.50000000004
216,21769.100000000017,165,25905.000000000033
227,20881.20000000001,146,26005.80000000004
206,21940.200000000026,132,24480.900000000023
209,20387.30000000002,129,25901.900000000027
185,21244.200000000023,126,23587.600000000035
219,20293.400000000016,154,27185.10000000004
207,21297.700000000023,132,24795.600000000035
220,20637.90000000002,149,23076.00000000004
196,21471.40000000002,117,24535.200000000033
200,20350.100000000013,146,25367.000000000033
207,20074.50000000002,119,23721.600000000046
207,20381.300000000014,126,23195.60000000004
191,20566.800000000014,125,23731.900000000034
190,20402.000000000022,138,23184.90000000004
208,21725.000000000025,122,24017.400000000027
197,20083.90000000001,127,23876.70000000003
204,20664.900000000012,132,23659.70000000003
211,21685.200000000026,147,23132.300000000036
212,20178.600000000013,141,24923.600000000042
208,20483.60000000002,173,27767.200000000033
182,20892.500000000022,147,25240.200000000033
202,20149.000000000022,108,23071.60000000003
193,21630.70000000003,162,26122.200000000033
209,20144.80000000001,140,24450.700000000037
185,20267.000000000022,132,24170.800000000036
189,20283.80000000001,128,23071.60000000003
197,20247.100000000017,146,25092.900000000023
205,20197.100000000013,136,24187.80000000003
198,20163.40000000002,127,25125.100000000035
190,20460.200000000026,129,23754.600000000035
212,20113.400000000016,144,25777.80000000004
220,20845.10000000002,134,23101.10000000003
195,21319.100000000024,153,24930.600000000035
195,20440.500000000015,126,24643.90000000003
195,20640.500000000022,129,25149.50000000003
209,20830.600000000024,129,22570.20000000003
190,21899.900000000016,130,22849.30000000003
216,20385.80000000002,136,24980.100000000028
213,20658.500000000025,121,23533.30000000002
183,20336.900000000016,137,23716.100000000042
198,20605.600000000024,140,24744.800000000032
211,20281.100000000024,166,25373.300000000036
226,20376.300000000014,140,24376.70000000004
195,20288.500000000015,122,23588.900000000034
193,20677.900000000016,141,24394.400000000034
206,20268.400000000012,174,24827.700000000037
220,21955.000000000022,133,23077.200000000037
206,21057.300000000032,124,22985.000000000036
204,20584.20000000001,128,22444.300000000025
212,20707.40000000002,133,22845.800000000032
208,19938.50000000002,134,24161.00000000003
215,20718.90000000002,144,25984.20000000003
202,20076.900000000016,161,27053.400000000034
214,20798.10000000002,139,23384.900000000038
207,20294.200000000026,160,24825.200000000037
223,21582.30000000002,126,23972.100000000028
220,20548.400000000012,136,25329.800000000036
213,21717.80000000003,144,24810.000000000033
209,20609.500000000022,159,26055.00000000003
203,20332.000000000022,102,23579.700000000037
224,20439.700000000023,131,24831.70000000003
191,20261.20000000002,155,23659.600000000035
192,20465.700000000026,134,24567.700000000033
200,19905.50000000002,136,24035.70000000003
223,20830.300000000025,141,24557.80000000003
206,21151.000000000025,144,25223.50000000004
201,19838.700000000015,144,24402.50000000004
192,20751.800000000025,137,22623.90000000003
198,19981.200000000026,127,23212.100000000035
203,20488.000000000022,118,22466.90000000004
199,21675.800000000017,118,22751.40000000003
187,20712.400000000016,132,23918.30000000003
206,20917.400000000023,149,24729.90000000003
187,20073.400000000016,148,23630.700000000033
207,21991.800000000017,155,27010.800000000032
205,21537.000000000022,129,24776.50000000003
200,20417.500000000025,139,25120.40000000003
207,20906.800000000025,155,26030.700000000044
206,22092.200000000026,137,24280.600000000035
206,21819.100000000028,126,24666.200000000037
205,20240.600000000013,155,26719.700000000023
206,21349.700000000023,143,24886.600000000035
200,20058.10000000002,175,26422.300000000032
214,20332.500000000022,123,23545.300000000036
214,21403.600000000024,116,24673.800000000036
214,21362.100000000017,117,22477.70000000003
209,20193.80000000002,121,23134.700000000033
194,21211.700000000023,151,26533.20000000003
198,20379.20000000002,145,23703.10000000004
184,19792.000000000022,147,25787.90000000004
185,20637.100000000013,115,22351.60000000003
183,20039.900000000016,154,24407.10000000004
214,20282.300000000014,131,22995.600000000035
202,21442.500000000033,146,25271.20000000004
202,20193.800000000017,133,24314.300000000036
221,22305.700000000023,126,22490.000000000036
218,22072.700000000037,144,25087.500000000044
198,20299.000000000015,155,25510.800000000032
200,20472.200000000023,99,21983.20000000004
196,20571.000000000022,169,26061.300000000025
198,20645.50000000001,162,26373.80000000003
196,21448.90000000002,142,25496.800000000036
195,20462.100000000024,134,24493.200000000044
194,20183.800000000017,150,23230.300000000036
198,20136.400000000023,139,22866.100000000042
199,20852.500000000022,121,23273.80000000004
179,20054.10000000002,166,23989.800000000047
195,21083.80000000002,128,24316.800000000025
209,20727.20000000002,123,23485.40000000003
202,20284.300000000017,123,23929.700000000037
194,20329.40000000002,180,26279.600000000035
209,20086.50000000001,143,23889.300000000043
188,20331.60000000002,160,24916.300000000036
206,21153.600000000028,141,25292.800000000025
204,20930.400000000016,135,23019.20000000003
200,20745.20000000002,141,23367.50000000003
207,20173.400000000012,132,22882.000000000033
202,20117.200000000015,132,22576.600000000028
199,19823.500000000015,132,24831.200000000044
195,20234.600000000028,115,22494.800000000032
183,20249.300000000025,157,25629.30000000003
199,21839.300000000025,110,23327.000000000033
204,21273.40000000002,143,24515.900000000027
207,20874.200000000023,142,25596.100000000024
190,20602.500000000022,139,25349.800000000043
201,21767.700000000023,135,25676.700000000048
211,20345.30000000003,141,24155.500000000025
191,20702.500000000022,145,23475.200000000026
211,21243.40000000002,151,25050.500000000036
220,20518.000000000025,119,22694.80000000004
197,20099.000000000022,107,23431.60000000004
196,20603.000000000022,163,26617.40000000003
186,20237.300000000014,157,24352.200000000044
209,20846.80000000002,156,25310.900000000034
220,20638.100000000028,135,26034.600000000042
197,20666.100000000013,147,25567.500000000036
199,20169.80000000002,152,24842.400000000038
199,20481.80000000002,136,24191.100000000035
213,21339.10000000002,110,23257.900000000038
189,20377.60000000002,139,24318.700000000033
207,21842.500000000022,156,23711.900000000027
197,20086.60000000002,111,23289.60000000003
193,20262.300000000017,147,22937.40000000003
186,20460.60000000002,142,26037.30000000004
192,20130.90000000001,123,23374.70000000004
205,19971.00000000002,131,25798.60000000003
195,20279.90000000002,151,24254.500000000044
200,20580.200000000015,133,23939.100000000042
207,21228.700000000033,121,24879.40000000003
204,20393.100000000024,110,22433.100000000028
193,20591.300000000014,135,22628.700000000015
200,20361.60000000002,125,22938.90000000004
202,21923.60000000003,142,25645.300000000032
197,19748.90000000001,133,22942.50000000003
195,20136.90000000002,119,22936.50000000003
181,20540.20000000002,136,23276.50000000004
204,20928.50000000002,126,23192.400000000034
204,20275.300000000014,138,24384.60000000004
191,21640.700000000026,135,25847.20000000004
206,20076.000000000025,143,24337.00000000004
194,20146.000000000025,145,24501.500000000033
199,20578.900000000012,140,24767.900000000038
211,20264.500000000015,139,24843.10000000004
206,20518.10000000002,113,22740.100000000028
196,20494.80000000001,122,23933.20000000004
204,20514.300000000017,113,22883.000000000033
213,20625.500000000022,142,23555.200000000026
219,22111.100000000013,129,24268.400000000034
219,20899.100000000024,127,25012.30000000004
208,21456.20000000003,179,26039.90000000003
205,20628.000000000025,150,23952.90000000003
201,20071.900000000016,165,25088.400000000034
214,19972.400000000012,152,24926.200000000037
207,20132.70000000001,137,24768.600000000028
204,20338.500000000015,127,22734.700000000033
195,21855.500000000022,162,28149.80000000003
191,20187.40000000002,121,23019.500000000022
218,21335.10000000002,130,22643.300000000025
209,20399.400000000016,124,24217.700000000037
203,20271.50000000002,149,22550.20000000003
211,20178.10000000002,139,25263.20000000003
174,20276.900000000023,148,24619.30000000004
201,20459.400000000034,133,23788.60000000003
216,20600.500000000015,182,24359.400000000038
206,22014.40000000002,147,25113.50000000003
201,20110.30000000002,132,24553.70000000004
209,20149.100000000024,146,26288.10000000003
198,20446.100000000024,149,25314.700000000037
205,20313.700000000015,141,24110.400000000034
199,20436.50000000003,147,26297.100000000028
214,19984.100000000017,118,23743.30000000004
198,19988.70000000002,144,26002.500000000036
225,20398.70000000001,148,25239.60000000004
205,20929.80000000002,150,23897.600000000035
201,20377.40000000002,116,23025.800000000025
200,20667.00000000003,124,22693.30000000002
195,20925.400000000027,108,23969.50000000003
215,20818.700000000023,131,24469.000000000036
205,21196.00000000003,146,24682.200000000037
215,20849.100000000017,119,22548.000000000033
200,20194.900000000027,133,22667.700000000023
221,20719.900000000027,112,22229.100000000024
206,20059.800000000014,157,25879.800000000032
197,22714.400000000016,143,24418.300000000032
212,20036.500000000022,125,23541.800000000036
199,20655.900000000023,203,27922.900000000034
203,20604.100000000017,134,24558.200000000033
197,19927.900000000016,135,24630.900000000027
206,21195.100000000024,140,24429.000000000036
219,20357.100000000017,143,26164.10000000004
202,20298.500000000015,134,24925.00000000004
232,20623.30000000002,146,25641.90000000002
223,21368.10000000002,124,23419.100000000035
199,20618.600000000024,125,23745.200000000037
195,19889.90000000002,159,24979.10000000004
200,20449.800000000007,124,22906.800000000043
195,19997.10000000001,118,24534.30000000003
210,20095.000000000025,144,25978.10000000003
204,20417.400000000023,128,23486.800000000036
199,20373.000000000015,148,23176.000000000036
190,20327.200000000015,126,21809.700000000023
193,21565.70000000003,146,25880.40000000004
189,20641.200000000023,134,25862.900000000038
212,20650.90000000002,147,24058.800000000032
204,20241.600000000024,146,23249.900000000027
186,21292.900000000016,122,22800.300000000025
220,20316.900000000023,150,26054.00000000003
217,20442.10000000002,119,24871.500000000025
210,20885.500000000033,124,23678.30000000003
224,20847.10000000003,155,26865.10000000003
216,20398.500000000022,156,25262.200000000033
195,20828.30000000003,136,24347.800000000032
207,20807.600000000024,148,23408.10000000002
209,20307.30000000002,152,25502.400000000034
215,20782.800000000017,141,24636.30000000004
191,22247.700000000023,120,22346.700000000037
210,20238.200000000023,145,24927.500000000036
206,19813.200000000026,141,24099.60000000003
214,20148.20000000002,134,22627.90000000003
197,21444.30000000002,140,25511.800000000043
194,20828.200000000023,144,25803.400000000045
187,20198.900000000016,114,22136.20000000003
196,21352.30000000003,154,25032.000000000025
190,20901.00000000002,143,24546.700000000023
201,21719.100000000024,130,24676.00000000004
196,20854.30000000002,131,24500.500000000036
205,20555.10000000002,138,23708.50000000003
206,21258.700000000026,135,23762.100000000028
216,20805.400000000012,135,24820.900000000027
193,19787.100000000024,120,23826.800000000036
220,21479.500000000025,122,24521.800000000032
203,20139.200000000015,133,25421.10000000003
209,20155.10000000002,140,23007.30000000003
198,21076.900000000027,122,23148.900000000023
217,20059.800000000017,156,24604.900000000038
191,20031.70000000002,155,24363.900000000027
215,20942.40000000002,132,26079.50000000003
211,20699.100000000024,120,22397.400000000027
183,20885.90000000002,143,24443.700000000033
197,20072.60000000003,131,24746.300000000043
201,20465.70000000002,162,25389.400000000034
214,20379.300000000017,133,22104.50000000003
188,19922.70000000002,136,24507.300000000043
185,19716.90000000002,130,25886.400000000038
188,20831.900000000016,132,24303.80000000003
202,19867.200000000023,121,23834.700000000033
200,21180.500000000022,113,21931.100000000028
190,20337.100000000024,143,24299.800000000036
196,20299.70000000001,132,24275.700000000037
203,20649.500000000025,133,25660.00000000003
190,20255.80000000003,134,24118.000000000033
209,20072.200000000015,163,25817.90000000003
194,20152.400000000023,123,24204.20000000003
211,20384.100000000028,116,24658.700000000033
221,20927.100000000024,154,26941.90000000003
199,20162.200000000008,138,23451.000000000036
241,20490.900000000016,139,24498.30000000004
205,20227.300000000014,161,24846.800000000032
194,20007.700000000015,134,23540.700000000033
207,20664.800000000025,143,24298.700000000033
204,20181.500000000025,117,22495.700000000026
195,20856.50000000003,160,25638.40000000003
198,21863.60000000002,138,24306.600000000035
185,21561.200000000026,153,25232.500000000036
204,21074.80000000003,131,22668.100000000028
208,19852.300000000017,120,23249.40000000003
205,19928.000000000015,126,23712.400000000027
201,21641.300000000025,155,25144.400000000045
210,20176.400000000016,134,22926.600000000035
210,20082.600000000013,122,24082.100000000042
205,20154.500000000015,128,23802.900000000034
237,21861.90000000002,137,23726.100000000028
227,20405.20000000002,96,23409.400000000027
210,20102.50000000002,155,26354.50000000004
198,21057.00000000003,121,22863.300000000032
198,21009.30000000002,154,26016.70000000003
228,20574.600000000017,146,25421.00000000004
218,20552.700000000015,151,24822.900000000034
205,20864.700000000015,107,23343.300000000043
202,20370.000000000015,161,25935.200000000037
213,21005.800000000017,134,23433.30000000003
219,20653.700000000023,120,22939.20000000004
188,20097.70000000002,138,24495.800000000036
212,20196.20000000002,122,24101.00000000003
227,19905.20000000001,123,23262.500000000036
203,20032.900000000012,126,22992.200000000033
208,21868.900000000027,150,25610.900000000038
184,20434.100000000024,147,25788.50000000004
197,21676.200000000023,120,21656.700000000026
199,20794.30000000003,142,23739.70000000002
196,21814.00000000003,139,25128.900000000034
193,19985.400000000023,152,23729.200000000037
212,19866.200000000015,137,25333.20000000004
202,20396.40000000002,103,22176.80000000003
186,20161.900000000016,105,21659.500000000022
212,20034.300000000014,164,27001.000000000036
223,20334.800000000014,148,23753.400000000038
208,20552.900000000023,126,24774.90000000003
204,20238.30000000002,145,25404.70000000003
218,21643.60000000003,146,24629.900000000034
200,20075.900000000023,123,24008.300000000036
203,20371.100000000013,127,23918.200000000033
210,20848.60000000002,128,24980.800000000043
207,20638.80000000002,143,23752.100000000046
192,20618.800000000025,152,26539.600000000042
165,20051.70000000002,163,24849.90000000005
219,22026.80000000002,147,24469.400000000034
206,20610.900000000012,121,23113.400000000034
189,20257.00000000002,117,22447.70000000003
196,21443.800000000025,158,25258.40000000004
175,20366.300000000014,139,25364.700000000026
201,19853.20000000002,119,24465.20000000004
215,20772.50000000003,142,25042.000000000025
194,20721.400000000023,152,24988.800000000036
206,20882.800000000025,148,26027.10000000003
226,20365.300000000014,149,24865.100000000024
199,20500.50000000002,126,23589.400000000034
207,20942.00000000002,151,27556.60000000003
204,20682.300000000017,143,24246.300000000032
205,19849.60000000002,135,25763.20000000004
184,19812.100000000024,128,24920.500000000022
201,20124.40000000002,136,24613.60000000003
211,21297.400000000027,137,24286.80000000004
210,21087.600000000024,148,26103.40000000003
199,20868.500000000025,167,25148.90000000003
204,21200.200000000026,125,23160.500000000033
204,21295.800000000014,165,24381.700000000033
218,20397.600000000028,144,24923.600000000028
200,20286.100000000017,129,24161.300000000043
206,21277.900000000023,154,26614.20000000004
202,20927.400000000023,153,26146.200000000033
192,20806.80000000002,178,26167.500000000036
192,20230.80000000002,141,24782.400000000038
216,20410.200000000015,148,23734.00000000004
186,19878.400000000012,155,24998.700000000037
191,20733.50000000002,139,24219.500000000036
217,20298.200000000015,150,26028.000000000025
206,20662.500000000025,165,25881.80000000004
195,20367.400000000016,132,24095.00000000004
212,20648.100000000017,116,22665.100000000028
201,20548.90000000002,121,22551.80000000003
221,20243.700000000008,133,24576.80000000003
200,20680.500000000015,110,22447.60000000003
216,21476.00000000002,140,25002.60000000003
206,19658.900000000016,130,24951.600000000035
198,20476.500000000015,153,24390.40000000003
203,20059.600000000013,102,23468.600000000024
218,20482.500000000022,126,24048.90000000004
196,20564.800000000025,130,24455.200000000023
215,20337.800000000014,154,26598.900000000034
202,21223.80000000002,144,22774.60000000004
190,21033.700000000023,142,24771.400000000038
190,21079.400000000016,128,23908.400000000034
190,20358.600000000017,142,23277.30000000003
217,21392.700000000023,152,24884.100000000035
193,19889.90000000002,112,22778.500000000033
208,20481.900000000016,111,23272.700000000037
224,22130.30000000002,140,23856.80000000003
177,20333.700000000023,134,24466.60000000003
207,20381.80000000001,131,22755.300000000036
181,20285.10000000002,145,24545.700000000023
204,21955.70000000003,124,22993.20000000003
189,20221.200000000015,121,23087.500000000033
184,21078.300000000032,121,24718.700000000026
210,21907.50000000003,130,22444.50000000003
203,19904.900000000016,141,24226.600000000035
217,21178.20000000002,147,24393.100000000042
199,20778.200000000023,128,23774.80000000004
182,20558.30000000002,130,25189.800000000032
211,20939.000000000015,131,24336.200000000033
210,20218.90000000002,131,24152.100000000035
233,20953.300000000017,115,22827.700000000026
208,20290.500000000015,146,27633.300000000043
201,20840.20000000002,142,23716.400000000027
206,21428.000000000025,141,22458.20000000003
206,20387.500000000025,160,24777.800000000036
199,20363.00000000003,118,22618.200000000033
211,21316.70000000002,129,22868.80000000004
203,20676.50000000002,147,24164.80000000002
197,21060.80000000002,123,23691.60000000004
198,22512.500000000022,129,23678.70000000003
194,21488.300000000025,129,25519.600000000042
206,20041.300000000017,158,25461.700000000044
225,20236.600000000024,162,25834.100000000035
207,20499.800000000025,147,25038.900000000045
203,20063.70000000002,121,23289.50000000003
221,21053.500000000022,136,23273.80000000003
199,21605.10000000002,138,25969.80000000004
201,20423.10000000002,135,23578.60000000003
211,20490.30000000002,146,23138.600000000042
206,20480.50000000002,115,25371.500000000025
204,19836.300000000025,135,23428.80000000004
196,20065.900000000027,173,26085.100000000035
212,22171.40000000002,138,22727.40000000003
192,19934.000000000022,114,24828.100000000035
201,19946.30000000002,139,22815.200000000026
220,20345.600000000024,138,24217.70000000004
193,21247.30000000003,122,22413.400000000027
182,20215.10000000002,131,24174.200000000023
199,20726.600000000017,122,23575.00000000004
208,20646.900000000016,146,24196.60000000004
209,20528.50000000001,151,25478.80000000004
203,20722.20000000002,140,23090.400000000038
202,20473.600000000024,151,26904.600000000035
191,21806.600000000028,127,23187.100000000035
196,20262.70000000002,141,24237.000000000044
217,21730.800000000017,121,23655.00000000003
207,21470.900000000023,121,23975.200000000037
215,21904.20000000003,137,25096.200000000026
212,20401.900000000023,152,24926.500000000025
200,20109.10000000002,142,25917.20000000003
207,21772.500000000025,105,22709.60000000002
201,20715.200000000026,158,24897.20000000003
184,19922.600000000017,164,26944.70000000004
218,20277.500000000025,165,26712.300000000032
206,20026.100000000013,173,27164.300000000043
193,20364.10000000002,143,23325.00000000003
191,20185.800000000017,177,26458.700000000033
189,20213.100000000017,150,23897.500000000036
205,19772.50000000002,151,24901.600000000035
198,21682.400000000023,141,25392.100000000024
202,20470.90000000001,125,24298.700000000037
203,21735.100000000024,137,24497.400000000034
198,20642.90000000002,115,22874.200000000037
189,20893.700000000026,135,27027.600000000024
215,20673.300000000014,158,25938.600000000035
190,20826.400000000016,145,24781.70000000004
219,20659.300000000025,140,24359.000000000033
195,20500.600000000017,148,27369.100000000028
200,19974.700000000023,149,25608.10000000003
202,20106.900000000023,145,23437.000000000044
195,20869.200000000023,122,23821.00000000003
207,20392.00000000002,134,24056.300000000036
199,19937.600000000017,150,24118.600000000024
196,20539.400000000012,149,25590.00000000003
186,20408.800000000014,133,24534.200000000033
212,20679.100000000013,118,24898.900000000038
193,19798.800000000017,163,25811.30000000004
200,20165.600000000017,154,24588.200000000033
197,19653.300000000017,130,23930.800000000032
208,20213.10000000002,134,25259.300000000036
197,20408.20000000002,143,25624.200000000044
202,20718.30000000002,118,24081.900000000027
213,20356.30000000002,144,25446.00000000003
216,21416.300000000025,137,23886.000000000036
204,21173.200000000015,116,22148.40000000003
207,20371.900000000016,133,23773.10000000003
201,20440.700000000023,187,28527.700000000037
216,19961.900000000016,116,24187.70000000003
196,20755.70000000002,161,27073.700000000037
206,20694.90000000002,148,27811.200000000037
212,20562.000000000022,122,23386.60000000003
204,20810.000000000022,109,22694.900000000038
216,20720.300000000025,101,22706.600000000042
197,20304.200000000015,163,26967.400000000038
194,20362.800000000017,152,23675.80000000003
191,20389.20000000002,152,26339.000000000036
215,21130.00000000002,121,22537.20000000003
198,20148.600000000017,126,22624.000000000025
187,20621.00000000002,154,24206.60000000003
190,20416.000000000022,128,22809.600000000046
191,20465.00000000002,147,23429.700000000037
202,20829.40000000002,121,22292.40000000003
215,20620.900000000016,93,21870.900000000027
199,20139.400000000016,124,23187.30000000003
191,20034.600000000017,120,23161.000000000033
199,20214.800000000017,126,24846.700000000033
199,20290.20000000002,149,25871.80000000003
208,22193.200000000026,136,23862.100000000028
194,20801.200000000026,129,24006.200000000033
214,20212.300000000014,133,23352.60000000004
198,20258.000000000022,139,24334.00000000003
216,20354.20000000001,144,22612.70000000003
209,20412.50000000002,134,23676.60000000003
184,20746.70000000002,134,21919.20000000002
200,19895.400000000016,98,22330.200000000037
188,21168.200000000023,138,24145.80000000003
206,20470.600000000013,127,24506.10000000004
199,20493.400000000016,164,23665.500000000036
199,20246.700000000023,116,23054.800000000036
201,20886.500000000025,179,28149.300000000025
182,20446.400000000027,111,23727.200000000026
201,20635.00000000002,128,24249.300000000032
199,20309.800000000025,114,24701.200000000037
198,20252.400000000012,150,26662.400000000034
221,20035.500000000015,158,24297.000000000025
193,20810.60000000002,144,25420.200000000033
202,22186.300000000017,130,26563.700000000033
190,20341.200000000023,136,22579.200000000037
196,20169.800000000014,129,22918.800000000032
200,20494.100000000024,164,28238.800000000036
207,20868.400000000027,144,24921.000000000036
211,20493.70000000001,132,24853.400000000038
233,21437.20000000002,170,23363.10000000003
225,21196.800000000014,159,23917.60000000004
166,20524.10000000002,136,25804.400000000038
200,20975.50000000003,157,25513.700000000033
223,20966.000000000025,168,25716.30000000003
207,20465.50000000001,135,24534.300000000047
201,20494.200000000015,136,22883.900000000027
203,19798.900000000023,131,23660.700000000037
181,20618.30000000002,117,22174.70000000003
181,19791.700000000015,147,24552.600000000035
193,20600.400000000012,167,26671.80000000004
219,21973.200000000023,134,26218.700000000026
199,20502.500000000015,117,23850.000000000033
201,21470.700000000023,153,26229.500000000033
194,20369.100000000017,118,22789.20000000003
200,20615.20000000002,135,23604.700000000037
220,19936.00000000001,126,23929.700000000026
204,20559.900000000016,150,24552.70000000004
198,20133.50000000002,130,24586.000000000025
198,19970.800000000017,152,26782.900000000034
204,21336.50000000003,169,24570.400000000023
222,21106.40000000002,151,25233.500000000033
198,21105.300000000025,135,24319.000000000022
196,20572.100000000017,128,25065.80000000003
196,21093.100000000024,149,25294.800000000025
215,20372.200000000015,126,24830.000000000036
196,20053.700000000015,144,26031.80000000004
199,20349.800000000025,130,23144.60000000004
194,20750.60000000002,147,24475.600000000035
191,20626.50000000003,117,22210.70000000003
213,20763.80000000002,150,23076.900000000034
206,21026.400000000016,127,23616.600000000024
199,20340.600000000024,136,25671.800000000036
193,20402.90000000002,111,24939.400000000027
198,22261.500000000025,146,24290.60000000004
188,20698.700000000026,171,25424.800000000032
231,20064.400000000016,133,24676.100000000028
200,20081.600000000013,158,25582.30000000004
208,20766.40000000002,147,24377.500000000036
203,20635.400000000016,139,23066.20000000004
206,21172.800000000014,154,25696.00000000003
220,20246.200000000023,102,22157.000000000022
207,20794.40000000002,133,24324.80000000003
220,21010.800000000014,123,23034.20000000003
180,20721.400000000034,104,22738.500000000036
198,20364.20000000002,145,26211.700000000037
221,20084.40000000002,149,22406.90000000003
210,20215.100000000013,113,21958.700000000023
182,20166.600000000013,104,23851.90000000002
191,19980.600000000013,145,25513.80000000004
189,20679.800000000025,139,23000.70000000003
204,22738.800000000017,110,22351.30000000003
203,22171.70000000002,154,25091.300000000032
203,20552.900000000016,153,26613.400000000034
227,20202.40000000002,124,24506.90000000003
207,19910.900000000023,120,23981.400000000034
205,21615.000000000025,154,25336.10000000003
213,20295.400000000016,125,22930.400000000045
215,19784.90000000002,114,23464.800000000025
218,21148.70000000003,154,24206.100000000028
206,21764.900000000027,119,24503.500000000036
196,20305.600000000024,137,23771.100000000035
204,20399.900000000016,131,23486.30000000003
198,19892.700000000015,128,23704.80000000003
198,20671.300000000032,116,22623.800000000047
205,20233.400000000023,110,23253.000000000025
196,21329.800000000025,154,26864.00000000003
200,20189.900000000023,121,22464.200000000037
209,21092.300000000032,168,25802.90000000004
224,21001.600000000017,155,24989.100000000035
187,19657.000000000022,147,25038.100000000024
186,21016.100000000028,121,24148.50000000003
190,20138.700000000023,151,24300.500000000036
182,20185.700000000015,125,23786.500000000025
191,20747.300000000014,124,22801.600000000028
208,20612.400000000016,130,24864.300000000036
178,20450.700000000023,137,25119.800000000036
192,20023.300000000017,149,27620.700000000033
218,22402.400000000023,148,26941.000000000033
207,20328.40000000002,118,22249.700000000026
186,20094.300000000017,140,23871.20000000003
188,20258.900000000012,137,22557.60000000002
197,19745.600000000028,131,24098.600000000028
197,20515.700000000015,111,23553.600000000035
234,21264.000000000025,113,23629.60000000004
233,20979.600000000017,127,24294.300000000043
189,20437.600000000024,120,21911.60000000002
192,19564.100000000017,114,23551.100000000035
221,20576.50000000001,139,25570.800000000032
215,20179.600000000024,136,24103.800000000032
193,20044.900000000023,151,24763.20000000003
197,20149.700000000026,133,23334.20000000003
187,20103.900000000016,144,22144.400000000027
188,20349.20000000002,147,26790.600000000042
195,20182.200000000015,129,23863.000000000036
181,20554.300000000032,128,23097.600000000035
192,20137.90000000002,144,24648.500000000022
196,20318.500000000022,146,23955.800000000032
211,21242.400000000016,125,23163.500000000025
195,20948.500000000025,143,25657.40000000003
194,20955.600000000024,128,24327.400000000027
215,22883.900000000023,114,23242.400000000038
215,20236.100000000017,128,22464.60000000004
191,20584.90000000002,135,24392.10000000003
194,20792.10000000002,142,24369.200000000033
199,20952.600000000024,122,24391.800000000036
207,21165.200000000026,121,24184.10000000003
209,20234.300000000014,165,26913.700000000037
186,20236.10000000003,179,25863.60000000003
187,20173.100000000013,116,23872.70000000004
194,20982.30000000003,132,23973.900000000038
215,20575.500000000022,122,24965.00000000002
210,20191.900000000027,132,25460.100000000035
197,19857.900000000012,155,24469.500000000036
197,20095.800000000014,120,23254.90000000004
188,20548.100000000024,137,24183.50000000003
194,20257.40000000002,140,24971.30000000004
203,21091.300000000025,173,26846.80000000003
199,21320.500000000025,157,25177.60000000004
199,19947.50000000001,171,27371.00000000004
211,21010.600000000024,167,26355.500000000036
206,20352.80000000003,130,24170.20000000003
198,20294.90000000002,118,24776.200000000026
198,20603.40000000002,117,23876.300000000032
202,21032.400000000023,132,23103.500000000033
195,20296.200000000023,128,23408.50000000004
221,20084.30000000001,117,24081.800000000043
186,20050.600000000028,134,23199.600000000035
201,20825.400000000027,119,22705.90000000003
201,20924.40000000002,135,24402.30000000003
194,20757.300000000014,159,26831.30000000004
191,20568.20000000001,135,23970.10000000003
204,20031.500000000022,136,26285.100000000024
193,21165.900000000023,141,24377.40000000004
198,20042.10000000001,147,24047.000000000033
196,20273.20000000002,118,23268.40000000004
184,20656.80000000002,152,24938.900000000034
181,20718.50000000003,136,24306.00000000003
202,21383.300000000017,118,23276.40000000004
208,20961.400000000027,146,23683.100000000042
193,20237.40000000002,118,23035.60000000003
208,23215.60000000001,142,24863.200000000033
194,20278.100000000024,121,22031.60000000003
220,20196.30000000002,134,24011.200000000026
187,20071.900000000012,163,25010.80000000003
218,20384.60000000002,160,26216.900000000038
199,20436.900000000023,112,23649.900000000034
188,20421.600000000028,126,22646.10000000004
199,21299.200000000023,145,25656.200000000037
198,21061.70000000002,128,25072.40000000004
208,20811.500000000025,129,24534.400000000034
192,20011.100000000013,122,22936.100000000035
194,20977.900000000023,108,23426.700000000037
184,20786.700000000023,139,23708.700000000033
182,20140.400000000016,159,26174.40000000003
203,20347.500000000015,162,26456.700000000033
199,19886.000000000015,131,23301.000000000036
195,20239.20000000002,159,25388.300000000043
195,21711.80000000003,142,24735.200000000033
199,20925.300000000025,122,24561.000000000036
202,20470.20000000002,132,22933.100000000035
205,20213.60000000002,130,23765.800000000036
194,20299.900000000023,143,24726.00000000004
197,20040.20000000002,138,25131.200000000044
192,20166.900000000016,135,24366.100000000028
224,21238.600000000028,149,25839.70000000004
214,20221.300000000014,130,24916.200000000037
195,21296.30000000003,143,25896.600000000035
194,20142.100000000017,105,21979.30000000004
216,20050.300000000017,151,26760.80000000004
204,21151.900000000023,176,25977.60000000003
210,20845.000000000015,124,24408.400000000034
191,19924.200000000023,151,24442.10000000004
194,20356.000000000015,117,23799.50000000003
205,20497.600000000024,139,24248.00000000003
209,20491.400000000023,120,22570.600000000017
185,20648.50000000002,133,23543.100000000024
204,20602.900000000027,120,23244.60000000002
204,20436.200000000023,146,25268.200000000037
186,21503.900000000023,123,23629.100000000035
183,20020.600000000017,141,25370.90000000003
209,21286.100000000013,150,24449.200000000033
200,20421.000000000022,135,23919.900000000038
209,20110.000000000015,145,23444.800000000043
203,20731.300000000025,111,23879.00000000004
186,20149.000000000007,125,23816.300000000043
207,20549.00000000002,131,23481.300000000032
202,20531.50000000001,135,24487.90000000003
193,19777.000000000022,130,23928.80000000004
220,20560.800000000017,135,26106.000000000036
207,20315.40000000001,163,26326.300000000032
191,20322.600000000017,122,24663.400000000027
201,20693.800000000014,117,22867.100000000035
231,23875.100000000028,128,23249.50000000003
189,20400.100000000017,148,25002.00000000005
197,20149.300000000017,128,23513.900000000034
221,21361.200000000023,119,24283.00000000003
185,20363.400000000016,108,23312.60000000003
200,20331.200000000023,139,25844.100000000042
199,20621.10000000002,117,25012.400000000034
189,20500.400000000016,102,22171.900000000038
212,20547.20000000002,170,26476.30000000003
217,20222.600000000024,135,25312.300000000032
221,21174.400000000023,142,24945.900000000027
196,19581.300000000014,102,22595.60000000003
216,20371.800000000025,142,24279.30000000003
199,22092.80000000003,165,25799.800000000036
214,20739.60000000002,114,24491.900000000027
190,21165.900000000027,128,22708.70000000003
212,20208.500000000022,125,25729.600000000035
182,20045.20000000001,136,25223.30000000002
188,20444.300000000025,133,25092.80000000003
210,21745.100000000028,108,23271.40000000004
210,20059.700000000015,113,21800.800000000025
196,20975.500000000025,165,27027.80000000003
192,20450.200000000023,139,23013.400000000038
205,20929.70000000003,124,25218.700000000037
211,20994.90000000002,119,24764.80000000004
214,20340.100000000017,133,26131.30000000004
194,21696.40000000002,120,22552.80000000003
194,19859.800000000025,126,23572.300000000032
230,20853.800000000017,165,24666.300000000043
212,21320.900000000027,133,23709.600000000035
202,20112.700000000023,123,23839.700000000044
185,20635.30000000002,107,22526.80000000004
215,20481.900000000023,138,24551.40000000003
199,22114.200000000033,149,24309.80000000004
203,21198.500000000022,130,23791.20000000003
203,20578.100000000017,120,23061.30000000004
202,20955.900000000016,143,24402.80000000003
183,20225.30000000002,142,23869.300000000047
197,21316.400000000027,147,22687.600000000035
210,21613.700000000026,167,24965.800000000043
189,20472.600000000017,167,26625.900000000034
223,20274.90000000002,127,23709.200000000033
205,19983.70000000002,128,22094.800000000036
187,20459.80000000002,128,22939.90000000003
195,20811.000000000015,118,23402.800000000032
210,21248.100000000017,126,24129.400000000038
222,20435.50000000002,131,24786.600000000028
205,20709.80000000002,169,25195.900000000027
212,20360.700000000015,150,25161.700000000023
201,20898.60000000003,144,24837.500000000036
213,21726.700000000033,121,23907.80000000004
194,19930.900000000023,127,24311.700000000037
194,20090.20000000002,123,23707.80000000004
192,19712.40000000002,165,24628.000000000033
199,21826.300000000025,150,24900.400000000027
205,20438.500000000015,123,23659.400000000034
202,21193.900000000023,125,24540.50000000004
179,20120.900000000012,121,23149.00000000003
228,20357.00000000001,147,23666.300000000043
205,20620.700000000023,155,25277.200000000033
225,20980.300000000025,131,23365.300000000036
195,20497.200000000026,164,25129.100000000035
194,20578.30000000002,148,24675.40000000005
190,20447.600000000013,136,23958.300000000036
190,20248.200000000023,138,24302.700000000033
207,21152.50000000002,131,23744.700000000026
204,21355.400000000027,129,24008.000000000036
201,20154.200000000023,155,24002.300000000036
185,20037.900000000016,121,23864.500000000033
212,20139.800000000014,164,26368.600000000028
207,20727.40000000002,165,26707.800000000036
199,20333.800000000025,151,26059.500000000036
191,19988.00000000002,129,24650.100000000035
205,20278.200000000026,117,24022.400000000027
206,19884.50000000002,162,24983.100000000042
194,21416.60000000003,133,24296.200000000037
199,20211.80000000002,106,22670.700000000044
215,19971.600000000013,113,24458.500000000044
176,20400.400000000027,144,24252.900000000038
205,20501.400000000016,117,22587.800000000032
201,20182.40000000002,111,24224.600000000035
212,20057.100000000017,130,22342.10000000003
210,21138.600000000024,146,23073.900000000027
199,20138.400000000012,130,23795.10000000004
196,20899.700000000015,122,23968.000000000044
206,20196.800000000014,150,25919.900000000034
204,20881.200000000026,181,25993.10000000003
198,21287.000000000022,111,24579.100000000028
202,22095.100000000024,146,24942.30000000005
204,20303.600000000013,119,23999.30000000004
193,19906.300000000025,120,22947.10000000004
201,20341.800000000017,116,22935.400000000034
213,20129.200000000015,120,23439.100000000035
198,20456.800000000025,164,25736.60000000004
196,21371.50000000002,149,25368.30000000004
199,20887.400000000016,95,22065.600000000028
202,20785.70000000002,132,23929.10000000002
187,19900.300000000014,128,25182.600000000035
209,20266.100000000017,134,23497.600000000035
201,20599.600000000028,152,24462.300000000032
217,20412.00000000002,119,21799.100000000028
219,20507.50000000002,130,24254.700000000033
195,20262.400000000016,125,23402.800000000032
201,20492.20000000002,152,23943.400000000034
196,20200.600000000024,156,24959.30000000003
202,20146.900000000016,125,23034.100000000024
182,19862.200000000023,150,24454.600000000024
182,20349.200000000023,137,24302.800000000036
186,21153.600000000024,114,22390.50000000003
198,19963.900000000012,119,23564.900000000034
211,20264.20000000002,127,24391.800000000047
190,20445.50000000003,106,22299.500000000033
202,20739.600000000028,140,23737.200000000033
200,20138.300000000017,176,26090.20000000004
197,21260.000000000025,139,26477.80000000003
187,20697.200000000026,123,22163.000000000033
206,20264.600000000024,126,24624.800000000036
205,22229.400000000016,122,23347.500000000033
212,20950.600000000024,137,23542.700000000037
191,20309.100000000017,109,22268.70000000003
202,20493.10000000002,135,22613.00000000003
171,20220.30000000002,144,26172.200000000023
189,19985.80000000002,155,25357.700000000037
199,20100.500000000022,134,24559.80000000003
228,20837.100000000028,120,25268.300000000043
196,20108.200000000015,147,25701.300000000043
187,19650.700000000015,141,24756.600000000028
214,21442.80000000002,191,28919.900000000023
206,20539.000000000022,134,24390.80000000004
204,20648.800000000014,133,25138.700000000037
210,20137.100000000024,159,25431.300000000025
175,20943.400000000027,128,23643.60000000003
201,20682.10000000002,149,26021.30000000003
210,20541.500000000022,135,23027.10000000004
210,21750.600000000028,135,22984.000000000033
198,20018.800000000017,156,24744.400000000034
191,20947.700000000023,173,24347.900000000038
191,20060.900000000023,157,23724.400000000027
212,20550.100000000017,131,24345.50000000003
202,20175.300000000014,137,24124.600000000024
190,20003.20000000002,137,24703.400000000038
206,20997.100000000028,138,24691.10000000004
183,20451.00000000002,121,23119.000000000033
201,20036.20000000002,135,22519.30000000004
208,22361.900000000023,162,24435.000000000033
194,22275.600000000017,127,24227.40000000003
219,21476.70000000002,119,23084.500000000033
203,20765.300000000014,126,24736.400000000034
213,21125.40000000003,156,24465.80000000004
203,20549.60000000002,133,24583.300000000036
186,21139.200000000026,126,21908.200000000026
201,20582.300000000017,172,26006.500000000033
188,20304.90000000002,121,22784.200000000026
221,20302.700000000015,144,23613.300000000036
210,20633.700000000015,157,25273.500000000033
183,20877.700000000026,129,23628.700000000033
203,19737.400000000016,116,23612.40000000004
210,20031.50000000001,152,25160.200000000044
186,20222.00000000003,123,23979.40000000004
212,20114.800000000017,121,24005.900000000023
189,20156.90000000002,127,24361.10000000003
202,19961.40000000002,140,23368.20000000003
211,20040.000000000015,132,24745.900000000034
209,20823.600000000028,171,28019.10000000003
188,21128.60000000002,147,25033.800000000036
192,20083.50000000003,138,25029.200000000026
191,20241.50000000002,141,25368.50000000004
215,21208.70000000002,120,23466.400000000027
176,20506.700000000023,104,22247.40000000003
214,20881.80000000002,154,25500.70000000004
