134,27299.700000000023,77,24990.90000000002
146,28127.80000000001,90,22811.800000000007
145,28268.000000000022,90,24445.30000000002
137,25735.900000000023,86,22574.599999999995
146,28335.000000000022,115,24411.4
139,26972.600000000013,80,23036.2
148,28447.000000000033,75,25373.80000000002
135,26570.80000000002,92,23375.300000000014
142,27926.900000000005,97,25757.400000000012
136,27919.700000000023,111,25941.700000000004
140,26462.100000000017,100,27521.800000000032
138,27046.300000000017,115,24265.899999999998
158,29031.000000000033,109,24717.20000000002
145,28648.100000000028,117,27355.000000000025
150,26800.600000000028,102,24214.899999999987
156,29152.700000000004,95,24896.700000000004
146,26564.000000000022,89,23473.000000000007
143,27402.10000000002,86,24358.6
148,27405.70000000003,107,26075.8
142,27349.80000000002,77,22654.000000000007
144,27303.700000000015,78,23501.50000000001
145,31355.3,94,24357.7
154,27292.300000000017,102,25030.300000000007
135,27487.000000000022,91,24035.099999999988
148,28183.80000000003,98,25717.40000000001
146,27556.100000000024,107,24908.10000000001
154,28661.600000000017,94,24465.399999999998
135,26385.400000000027,78,23963.900000000012
147,26885.300000000025,95,24866.800000000003
138,28442.300000000014,72,25903.50000000003
138,27363.20000000002,91,23673.8
152,30385.900000000012,110,22820.799999999996
143,27505.600000000013,106,22997.300000000014
139,27868.200000000015,79,23279.399999999998
129,27270.80000000002,96,24393.50000000001
137,27417.800000000017,100,23933.699999999997
160,28911.600000000013,106,24916.90000000001
149,31062.500000000015,101,26508.900000000023
147,27529.000000000025,61,23103.20000000001
144,27742.300000000017,87,25165.000000000007
144,27367.20000000003,82,24390.500000000022
140,28675.400000000023,100,27275.600000000024
141,28486.900000000012,87,24433.700000000015
148,30237.30000000002,109,27018.800000000017
143,27237.500000000033,107,24194.500000000007
161,30155.600000000028,117,26085.00000000001
141,27925.900000000023,88,23418.400000000012
147,28393.90000000002,91,23390.1
155,28350.70000000001,95,22990.700000000008
164,30890.000000000015,88,25477.000000000007
139,27917.600000000024,91,24982.200000000004
136,28770.600000000028,104,25524.499999999996
133,27013.600000000017,98,24218.600000000017
140,25875.100000000024,112,24464.0
147,26865.400000000023,101,26541.500000000022
142,26640.800000000014,91,25951.50000000001
148,26347.20000000002,92,25383.999999999993
155,27925.500000000025,89,25345.100000000017
132,27143.700000000026,96,27886.60000000004
137,26945.100000000013,88,23468.099999999995
157,26799.300000000017,101,23855.5
141,26868.100000000013,106,24915.800000000014
138,27975.100000000017,100,26794.000000000022
132,28449.600000000028,92,25241.9
140,26969.30000000002,107,23281.7
148,27205.100000000013,123,27932.00000000002
142,28842.10000000002,115,24536.10000000001
139,28761.20000000002,108,25994.400000000016
151,29794.10000000002,106,26584.000000000007
134,26992.90000000003,123,25338.200000000015
144,27056.000000000022,81,23607.700000000026
116,28681.90000000002,82,24111.200000000008
153,27546.400000000016,107,24425.70000000001
146,28332.90000000001,107,25178.000000000015
132,26960.400000000016,124,24625.60000000001
148,28169.100000000024,86,24925.60000000001
151,29050.700000000023,104,26484.799999999996
146,28777.90000000002,112,24175.700000000023
144,26304.00000000002,102,25202.8
151,27371.300000000025,86,26927.20000000002
144,29428.80000000002,128,23932.20000000001
140,26518.90000000002,106,25750.200000000015
136,27983.70000000001,93,24544.900000000016
144,27406.000000000033,93,24442.40000000001
143,28151.300000000014,96,22680.400000000005
150,26474.20000000001,94,24201.20000000001
152,27863.900000000023,83,25666.000000000007
155,28140.40000000002,108,23667.700000000008
157,27658.80000000001,89,25145.300000000003
133,27674.400000000016,96,23011.000000000007
173,29643.60000000002,108,24406.800000000003
139,27606.40000000003,100,24609.899999999994
153,27647.200000000023,139,26421.80000000001
137,27033.400000000012,100,24706.600000000002
152,28824.40000000001,118,28995.20000000004
144,27883.400000000034,104,26554.900000000034
140,26636.100000000024,96,24215.5
133,26978.50000000002,113,26702.30000000004
146,28324.700000000023,83,23717.399999999994
157,26816.20000000001,97,26724.300000000014
148,27714.10000000002,125,23752.7
135,29733.20000000001,98,23522.300000000003
156,27381.10000000003,88,24559.30000000001
148,28259.100000000024,82,24794.00000000002
141,26892.400000000012,116,23442.000000000007
148,28863.000000000015,110,26099.700000000015
159,27967.900000000016,122,23812.000000000004
158,30969.400000000005,100,25105.9
163,27792.90000000002,103,25628.2
148,28589.500000000015,114,24797.0
150,27543.500000000022,130,25700.700000000015
136,28364.40000000003,105,26443.4
152,26852.700000000015,91,25864.100000000017
135,27079.800000000017,89,24641.600000000002
145,27605.600000000013,94,23823.700000000004
144,26135.90000000002,109,23887.300000000007
148,27498.800000000014,120,28474.900000000023
127,26129.200000000026,110,24689.200000000015
145,26682.60000000002,106,24138.799999999992
125,26684.300000000025,105,25789.400000000023
129,27011.00000000001,89,23203.400000000005
131,26087.400000000027,103,23244.100000000013
136,28670.700000000015,111,25743.599999999995
148,27144.100000000024,84,23455.400000000005
130,28681.500000000015,79,24626.500000000007
139,26197.70000000001,105,23663.799999999992
127,25776.40000000003,76,23617.20000000002
142,27057.90000000002,86,24733.39999999999
151,29349.900000000027,90,23583.400000000012
150,27473.400000000027,94,23885.799999999996
121,28007.30000000002,88,26067.200000000015
131,26850.90000000002,100,23806.899999999994
138,26737.60000000003,112,26763.300000000025
132,27138.200000000033,135,28457.300000000017
154,28323.70000000001,85,26790.500000000036
138,27783.100000000028,111,25730.20000000001
144,27468.500000000015,97,26418.00000000002
152,27523.60000000001,99,23427.300000000007
132,28279.600000000024,109,27174.000000000022
157,27554.700000000008,95,22814.200000000004
146,25913.000000000015,94,24888.400000000012
127,27560.20000000003,102,24526.5
132,27425.90000000001,80,23422.80000000001
151,28264.30000000002,96,24194.7
146,28767.300000000014,102,24430.099999999995
147,27830.200000000008,93,26856.300000000017
154,27855.60000000002,107,25053.80000000001
137,27808.800000000007,126,26794.90000000001
153,29245.20000000001,115,25354.50000000001
130,25759.10000000002,124,24160.700000000023
143,27910.700000000008,103,24009.200000000008
130,28370.900000000016,105,24462.800000000017
153,28475.100000000013,99,24247.6
142,26690.300000000025,92,22585.80000000001
140,28017.000000000022,81,24433.099999999995
148,29070.40000000002,100,25117.8
153,28353.800000000017,142,28512.20000000003
149,28267.300000000017,113,25560.900000000012
139,27016.800000000025,122,24323.800000000007
142,27328.200000000015,101,23786.0
149,27551.400000000005,118,26060.800000000025
132,26578.200000000015,79,24214.7
140,27649.70000000002,107,24902.100000000006
140,27169.400000000012,100,24242.800000000014
138,27003.800000000017,109,22797.00000000001
153,26449.30000000003,97,24835.800000000007
132,29536.4,84,24750.800000000007
135,28483.50000000002,106,25371.400000000023
140,31443.800000000014,106,25679.900000000005
147,26795.000000000033,80,24903.900000000005
142,28578.70000000002,75,22998.500000000007
165,26428.00000000002,108,24188.700000000015
151,27253.900000000012,83,24452.80000000001
148,28028.80000000002,113,25075.699999999993
168,27692.400000000005,106,24062.1
150,27302.50000000003,101,27755.400000000023
137,28885.600000000017,113,25620.800000000003
150,27751.300000000017,80,23929.4
132,27779.30000000003,71,24214.80000000002
159,27435.00000000002,71,23759.300000000007
159,29106.700000000008,76,25777.900000000023
156,26880.500000000025,72,24028.700000000008
140,27538.600000000013,76,23872.5
139,28515.200000000026,83,23840.200000000008
139,27407.300000000014,117,25973.20000000001
153,30353.800000000014,96,24827.900000000012
153,28033.700000000015,101,24402.999999999996
134,27678.300000000017,99,25929.200000000023
145,28203.200000000015,93,24969.60000000001
152,29424.500000000025,80,23261.40000000001
153,27707.100000000017,96,24004.0
149,28876.60000000002,101,25615.700000000004
140,28158.100000000006,76,23468.900000000005
136,28329.000000000022,112,26636.700000000023
131,28218.300000000025,90,23614.00000000001
143,28299.900000000027,77,24058.100000000017
141,26511.800000000025,98,23931.50000000001
139,28214.000000000022,92,24774.700000000004
144,27628.20000000002,120,26304.30000000002
137,28026.800000000025,93,24799.300000000007
152,28429.700000000023,120,24497.700000000004
136,27247.800000000025,105,26790.40000000002
162,28971.40000000002,126,26448.600000000024
141,26728.200000000023,96,24583.20000000001
150,26192.700000000023,94,24479.4
152,29224.300000000025,93,26833.800000000032
151,26959.30000000002,102,25118.80000000001
165,27116.700000000023,86,23017.200000000008
141,28119.50000000002,107,25697.500000000004
144,27087.10000000001,92,25824.6
124,28775.400000000027,84,23804.899999999998
154,26212.10000000002,89,23469.0
149,28753.200000000015,115,24619.300000000014
151,27430.700000000023,75,23902.800000000003
128,29460.000000000022,106,24075.7
120,26405.300000000032,95,24444.9
132,28787.000000000025,96,23255.9
151,29098.900000000038,92,22235.40000000001
148,28588.60000000002,117,24534.9
150,30428.600000000024,92,27863.20000000002
139,26424.30000000002,105,25510.800000000007
149,28612.300000000014,131,24726.200000000023
140,28111.400000000016,92,25014.30000000001
152,27579.600000000024,67,23128.70000000001
139,27751.600000000017,78,23968.6
150,28215.50000000003,100,23299.300000000007
138,27671.100000000035,102,24879.30000000001
169,27158.900000000012,125,24982.800000000003
134,28030.000000000022,97,25088.00000000002
145,27254.50000000003,89,23788.200000000008
146,27243.30000000003,143,26762.20000000002
140,26719.400000000012,98,24979.799999999992
151,26907.500000000025,103,24493.500000000004
148,27297.20000000002,106,23155.000000000007
147,26105.30000000003,94,25379.20000000001
145,28107.400000000023,98,25441.600000000002
147,27926.000000000022,77,23355.00000000001
135,27781.400000000016,109,24839.000000000007
147,28172.90000000002,82,24351.10000000002
143,27846.300000000014,88,23027.300000000017
137,26702.10000000003,88,23508.900000000005
149,28771.200000000023,97,23575.6
134,29166.30000000001,67,22923.60000000001
137,27500.400000000034,119,24767.20000000001
149,28000.700000000008,123,24828.6
138,28078.900000000038,108,23356.40000000002
163,30172.700000000008,107,25474.200000000008
151,28391.600000000024,77,23413.100000000017
134,27543.600000000024,86,25413.000000000015
137,28053.100000000024,86,23257.300000000007
151,25828.70000000003,107,23072.10000000001
154,27935.400000000034,91,25419.50000000001
149,28341.800000000017,88,22124.100000000002
134,27436.90000000003,113,24140.900000000012
145,28029.10000000003,91,25293.20000000001
139,26647.400000000016,84,24115.899999999998
142,29261.70000000003,92,24708.899999999998
142,27188.80000000002,94,23859.4
145,28239.60000000002,101,23409.60000000001
147,27753.60000000001,107,25945.0
135,28416.70000000001,92,22900.000000000004
154,26840.500000000015,98,24860.700000000004
137,26876.900000000016,109,25426.600000000017
148,27431.90000000003,100,24690.400000000016
157,28724.30000000002,73,22549.899999999994
152,27720.900000000012,92,23687.900000000005
129,28597.300000000007,84,23630.30000000001
156,27780.900000000016,76,23614.80000000001
140,25085.00000000002,111,26302.00000000001
141,29448.40000000003,80,22569.399999999994
145,26779.400000000023,98,24285.800000000025
143,27776.400000000027,77,26636.29999999999
158,28162.900000000016,105,25689.60000000002
135,27184.000000000022,100,23043.50000000001
137,28343.40000000001,89,24460.90000000001
147,27128.7,87,23475.200000000008
154,26785.80000000003,104,23067.500000000007
164,27458.800000000032,105,25318.900000000012
142,27979.70000000002,112,27001.400000000005
146,27877.000000000015,106,24425.60000000002
145,28215.600000000002,98,23496.899999999994
147,28366.400000000016,112,24624.200000000004
143,26770.300000000017,101,25455.40000000001
152,26976.000000000025,121,25718.900000000016
134,27303.000000000025,96,24649.000000000007
163,28185.200000000033,94,25627.899999999998
139,25751.200000000015,100,27348.50000000002
148,28891.600000000013,77,26925.900000000023
144,27311.400000000012,90,24544.90000000001
152,28502.900000000023,100,23776.200000000004
141,28420.200000000026,116,26167.40000000002
140,27129.000000000015,103,27441.30000000003
164,28406.000000000025,129,27168.90000000001
148,26833.70000000001,107,24390.9
153,28729.40000000001,93,25050.00000000001
144,28391.00000000002,112,28749.60000000003
144,27311.800000000017,109,25126.000000000007
131,26042.700000000023,108,24229.4
139,28458.60000000002,83,24018.000000000004
137,27263.80000000003,114,24936.9
139,26459.20000000002,80,24167.100000000002
155,30619.200000000023,89,23531.00000000002
142,29219.200000000004,85,24059.90000000001
151,29174.60000000001,87,26010.599999999995
147,29989.800000000007,131,26966.40000000001
145,28956.400000000016,113,24119.80000000001
154,27315.400000000012,98,24314.20000000001
142,27230.200000000026,115,23895.200000000004
159,28531.500000000015,102,23863.499999999996
143,28042.80000000001,75,22742.30000000001
128,28649.700000000023,106,24649.900000000005
145,26595.60000000002,109,26204.900000000016
143,29915.900000000012,112,27026.100000000035
158,28759.400000000023,111,24511.899999999998
150,27669.100000000024,102,24938.00000000001
144,27146.100000000017,81,22864.00000000002
132,28578.400000000012,91,23562.20000000001
152,28564.600000000017,102,25054.600000000013
139,28704.00000000002,94,23339.399999999994
148,27900.100000000024,89,23674.300000000003
157,29831.600000000002,100,26692.100000000006
148,27238.100000000017,117,24354.40000000001
138,27675.200000000015,91,23332.4
150,29932.20000000001,83,24385.100000000006
138,27065.400000000012,103,27266.100000000024
144,30066.60000000002,104,25378.90000000001
140,28222.100000000017,114,25366.000000000004
153,28550.500000000022,111,24798.10000000001
139,27969.600000000017,96,23577.100000000002
145,27688.10000000002,90,24374.699999999993
151,26666.300000000017,83,26570.40000000004
137,28266.200000000015,100,24570.199999999997
145,30601.600000000013,86,24836.100000000017
156,27378.80000000002,93,24088.400000000012
155,26973.900000000016,108,25458.50000000001
147,26342.70000000003,106,25047.50000000001
144,27688.10000000003,95,25401.600000000017
142,26972.900000000023,111,25924.70000000002
136,27269.500000000022,134,25818.500000000004
148,28109.900000000027,91,24274.100000000002
161,26563.300000000025,115,26651.700000000033
146,26535.00000000001,75,25279.800000000017
150,26578.800000000025,95,24733.300000000007
133,28070.70000000002,110,24358.500000000007
135,27869.200000000023,85,25890.20000000002
150,27869.30000000002,129,27078.600000000013
147,27449.50000000002,106,24617.800000000014
131,28022.900000000027,113,23339.40000000001
141,26776.50000000002,103,26169.100000000024
151,26889.400000000016,97,24618.300000000014
153,26834.900000000023,127,25054.900000000012
132,28086.70000000001,94,25583.800000000007
148,26744.000000000022,104,24012.899999999998
141,27690.500000000036,119,24899.000000000004
140,27114.600000000017,90,25632.20000000003
138,27556.70000000002,101,24161.400000000005
148,27554.200000000023,122,27224.400000000012
156,27872.60000000001,111,24112.4
136,29097.500000000025,104,23869.799999999996
150,28589.40000000002,115,25605.100000000017
156,28609.800000000017,94,25633.70000000002
140,26836.500000000025,130,24861.60000000001
141,27349.900000000027,84,23765.20000000001
139,26996.600000000024,137,25664.90000000001
136,26826.400000000016,96,25712.900000000023
167,27086.10000000002,127,28107.200000000033
153,28902.80000000003,107,24322.600000000002
147,27585.900000000023,83,23114.9
159,28406.900000000016,111,25557.20000000003
138,28784.20000000002,110,26104.400000000023
122,28323.300000000017,89,22669.20000000001
142,28140.500000000025,89,23107.200000000004
144,28196.100000000028,110,24691.60000000001
141,27507.30000000003,114,26037.700000000008
138,26786.700000000015,95,23462.900000000005
150,27912.80000000002,115,23807.40000000001
143,29421.500000000007,86,26714.400000000012
144,28021.500000000007,103,24039.499999999985
143,27638.100000000024,101,26356.900000000023
154,26880.90000000002,90,25925.00000000002
140,27697.800000000014,95,23698.300000000017
127,26298.700000000015,91,24250.200000000004
141,27839.50000000001,88,25186.80000000002
154,29995.00000000001,95,23340.300000000014
155,28298.700000000023,121,24767.000000000015
144,29086.400000000023,91,24386.200000000004
144,27835.200000000015,88,24018.70000000001
144,26791.100000000017,114,25526.50000000002
154,29341.900000000016,106,26742.900000000045
142,27625.50000000002,73,24567.000000000007
122,27969.00000000001,89,23145.00000000001
135,28454.100000000013,76,26128.50000000002
149,26285.600000000017,84,24648.999999999996
151,29391.300000000007,90,22458.7
140,27103.80000000002,106,25494.700000000023
150,26980.600000000035,82,24793.400000000005
133,28749.90000000002,97,25806.90000000001
147,28398.60000000001,100,23850.100000000013
150,28706.400000000016,106,28736.20000000002
138,29993.6,92,24053.200000000004
140,26691.400000000023,112,25402.600000000006
155,26002.400000000027,96,25360.199999999993
137,28782.900000000012,71,22814.50000000001
152,29342.800000000032,95,25641.200000000008
150,26875.20000000001,96,24227.20000000001
136,27853.600000000017,80,23140.000000000015
141,28193.30000000004,112,27124.300000000025
144,26956.700000000015,85,24050.200000000008
144,30560.70000000001,96,25248.899999999998
139,26939.50000000002,97,25027.200000000008
136,29305.30000000003,108,24066.600000000006
142,26879.800000000014,111,27302.80000000003
155,27710.80000000001,99,25418.700000000026
153,27845.40000000001,85,23628.0
141,27717.40000000001,112,24091.7
131,27663.50000000002,91,23438.600000000017
136,27788.80000000002,88,22753.699999999997
144,28032.300000000014,84,24004.700000000004
147,27292.900000000016,91,24248.199999999993
138,26671.000000000007,86,24403.500000000007
147,28089.500000000025,114,24692.500000000015
139,27221.800000000014,99,27607.000000000025
146,28583.20000000002,105,23959.100000000006
141,28074.100000000013,70,23534.500000000007
141,27989.100000000028,104,25507.100000000035
147,30554.6,116,26496.300000000014
161,26314.300000000017,90,23072.300000000003
148,27116.100000000024,96,23744.40000000001
140,28490.70000000001,89,24950.099999999995
136,26324.30000000001,81,23442.299999999996
145,27780.000000000033,113,25978.900000000023
170,28998.00000000001,98,24616.600000000006
143,28058.800000000017,104,27443.600000000028
136,26814.500000000036,117,25938.4
136,28413.800000000007,126,28740.00000000003
151,28179.10000000002,86,24544.800000000003
146,26488.300000000017,84,24424.900000000012
147,27164.400000000012,106,25088.80000000001
152,28985.900000000016,85,23233.399999999994
144,26921.900000000016,77,24145.60000000001
145,29150.30000000001,74,23210.200000000015
142,26811.80000000004,104,24750.799999999985
144,27893.50000000003,77,24883.800000000017
142,28327.100000000028,109,26073.4
144,26626.000000000022,86,24197.700000000008
145,27302.00000000002,84,23212.4
158,27258.300000000032,66,23757.90000000001
143,27962.800000000025,99,26251.699999999997
141,27981.600000000006,126,27600.20000000002
125,27193.400000000023,113,23212.000000000004
144,26783.000000000025,99,22920.300000000007
133,28913.2,99,24190.00000000001
145,28343.500000000022,99,24393.10000000001
142,26779.000000000022,94,24425.60000000001
147,27345.400000000027,89,24063.100000000006
154,28004.400000000005,126,27194.90000000002
153,29123.400000000023,91,23544.30000000001
149,26285.30000000001,114,25131.200000000008
156,28480.300000000014,103,24041.5
156,27694.00000000001,89,26391.200000000033
143,27249.200000000026,111,25201.700000000008
150,26323.30000000001,102,24565.000000000004
142,28777.400000000005,130,24531.000000000004
148,27862.800000000007,85,24516.899999999994
139,28113.30000000002,84,24339.500000000007
146,30141.900000000012,113,25096.500000000007
135,29248.10000000002,106,24804.300000000017
144,26653.800000000017,105,24646.300000000014
122,28008.80000000002,112,24898.39999999999
137,26219.70000000001,93,23628.1
135,28134.50000000003,91,24211.599999999995
154,27599.500000000015,106,23669.700000000004
156,28140.400000000034,98,24373.800000000007
150,27379.700000000023,84,24277.500000000004
132,26501.90000000002,100,24975.40000000001
146,28503.200000000023,122,26479.60000000001
129,27242.500000000022,112,26230.40000000001
149,27930.500000000022,93,23714.40000000001
141,27678.20000000002,80,24776.600000000002
143,27178.200000000026,101,23906.500000000015
141,27295.30000000002,100,24835.90000000001
146,28462.700000000023,80,27198.60000000003
155,27873.800000000007,90,25829.000000000033
154,30214.000000000025,107,23230.90000000002
153,28654.300000000025,78,24474.300000000007
137,27175.200000000023,96,23457.500000000007
145,27882.40000000002,94,26126.500000000007
147,26440.80000000003,128,25340.900000000012
163,28575.100000000028,101,24491.700000000004
149,29291.200000000004,109,23770.70000000001
141,26866.100000000006,100,22977.7
145,29122.100000000017,103,26916.50000000002
134,28159.40000000002,90,25150.100000000006
124,28076.300000000032,90,23683.900000000016
157,27965.900000000023,103,22961.9
157,27943.000000000007,85,25394.600000000002
146,27138.200000000008,96,24683.899999999998
138,27782.500000000015,94,25112.400000000016
155,27693.100000000024,81,24003.2
148,28313.200000000015,108,25318.200000000015
140,26534.700000000026,98,25506.90000000001
138,28196.400000000016,105,23900.70000000001
132,28429.50000000002,100,26544.40000000002
144,28742.000000000025,117,24292.100000000013
139,27755.700000000033,97,24695.0
156,28556.00000000002,87,23652.400000000005
153,28157.000000000025,82,23480.200000000008
149,29417.100000000035,101,25458.200000000004
147,28915.799999999992,95,23410.100000000013
146,27425.100000000028,112,24782.4
145,26771.000000000022,107,27622.600000000024
130,26249.500000000015,86,24684.800000000003
166,29258.700000000008,108,24334.500000000007
131,29415.400000000016,129,25731.0
136,27644.200000000044,100,26097.000000000007
150,28673.700000000026,84,24651.300000000017
130,27530.100000000013,104,24111.600000000002
150,29634.500000000004,100,24559.399999999994
140,27360.300000000032,82,25030.200000000023
139,27324.800000000025,91,25441.000000000025
138,27303.90000000002,85,25419.30000000001
145,27396.4,81,22918.3
135,27038.90000000003,95,25463.000000000004
146,28552.400000000023,82,25558.399999999994
136,27919.700000000004,99,26178.60000000001
139,28121.80000000002,129,26776.900000000023
148,27765.600000000035,126,24050.100000000013
130,27220.900000000023,95,23439.600000000002
142,28426.500000000022,94,23627.500000000004
167,31420.90000000001,88,28038.200000000015
151,28474.500000000025,90,23685.000000000007
135,27449.000000000022,118,25471.500000000004
159,27935.20000000003,107,24120.500000000015
148,26125.20000000002,121,24355.100000000002
150,27947.700000000015,98,23209.30000000001
149,29811.500000000022,98,22657.4
140,26887.700000000026,83,23500.700000000008
153,27117.300000000017,81,23329.80000000001
141,27961.200000000026,112,22644.300000000003
155,26545.50000000003,96,24989.700000000015
140,27731.900000000016,133,25398.900000000005
142,28042.600000000028,103,24094.800000000014
140,28355.700000000015,112,24773.70000000001
134,26829.400000000016,104,25902.90000000001
152,26866.300000000014,77,24352.80000000002
140,26671.700000000015,111,23694.80000000001
149,26806.500000000022,98,25669.800000000007
157,28448.700000000015,84,22467.800000000003
135,27051.30000000003,79,25115.899999999998
143,26120.10000000003,99,25567.70000000002
131,27599.40000000002,116,26595.600000000006
145,27968.000000000004,86,24922.50000000001
145,29261.40000000001,88,23569.400000000005
145,27167.90000000002,77,24874.000000000004
144,26782.30000000002,98,23965.600000000013
148,27943.400000000027,80,23391.899999999998
142,27386.60000000001,109,23655.699999999997
146,27791.300000000007,106,25484.30000000001
136,28170.50000000001,86,24794.50000000002
147,28778.500000000015,101,25874.60000000001
128,28372.60000000002,107,25617.999999999996
124,27887.90000000003,117,26345.100000000013
145,28915.000000000007,114,24886.499999999996
146,27172.000000000036,78,23611.600000000035
121,26954.50000000003,88,24842.90000000001
127,26951.700000000037,123,27552.300000000025
142,27498.200000000023,90,23936.9
134,29419.100000000017,89,23714.20000000002
143,25939.90000000002,100,23781.500000000015
149,28410.600000000013,102,24637.700000000008
143,27524.000000000033,68,22965.000000000015
148,27210.900000000023,99,25887.299999999996
152,27028.00000000002,91,23511.20000000001
143,28005.900000000023,121,25666.100000000006
135,27139.800000000017,87,24294.60000000002
153,28917.10000000001,119,27171.400000000045
151,27783.80000000002,101,26233.70000000001
146,27974.900000000012,84,25173.600000000013
139,26409.700000000015,88,23711.600000000002
141,26987.100000000028,95,24353.600000000013
153,28685.700000000026,117,23495.6
148,28594.700000000015,99,26502.00000000001
146,28832.80000000003,59,22753.600000000013
135,27859.600000000013,90,25329.700000000015
149,27314.20000000001,102,22477.60000000001
160,27839.70000000002,81,24098.9
135,28324.90000000001,96,24792.90000000001
157,29627.200000000023,100,27064.000000000022
140,28777.900000000016,87,25610.800000000014
160,28721.800000000017,89,23206.39999999999
141,27588.00000000002,106,24907.90000000002
149,26344.700000000033,88,24129.80000000001
136,26900.30000000003,122,25117.800000000017
145,28195.70000000003,86,25689.399999999994
144,27727.20000000002,93,23800.100000000002
137,26908.50000000001,89,25411.50000000002
140,27044.20000000002,88,25101.80000000001
146,28202.600000000006,100,23933.999999999996
137,29449.800000000025,113,25529.700000000023
152,27319.000000000025,112,26337.199999999993
139,27944.00000000002,123,24462.000000000004
143,27169.50000000002,77,22943.500000000007
155,28643.50000000002,100,26515.900000000023
145,27870.800000000017,81,23179.600000000002
162,29063.7,97,26328.20000000001
155,26824.300000000025,92,23159.7
157,27493.70000000002,92,24807.600000000013
152,27913.200000000026,77,24419.50000000001
133,26829.600000000017,105,23407.400000000012
145,29309.200000000023,99,25002.300000000007
130,25947.300000000032,106,26545.90000000002
153,27505.200000000015,91,23707.600000000006
124,29686.200000000008,92,24130.900000000012
132,25586.900000000012,106,23805.800000000003
156,28738.600000000002,107,23376.000000000004
133,27851.400000000016,73,23507.900000000005
143,26138.000000000015,104,26759.400000000016
150,27674.200000000023,113,24396.200000000015
157,29459.300000000014,94,22820.900000000016
152,27514.00000000001,110,26686.4
140,29624.100000000017,94,25456.0
146,28966.000000000025,106,26417.00000000001
156,26722.900000000023,115,25406.400000000016
153,27046.000000000015,113,27807.50000000002
137,28391.500000000015,97,24353.3
137,26141.300000000025,91,21950.300000000003
127,26900.300000000017,131,25367.80000000001
135,28350.60000000003,106,25949.600000000017
146,26568.300000000014,97,23343.800000000007
155,26639.500000000022,80,24613.799999999996
145,26769.700000000015,125,27214.10000000002
146,27078.700000000023,79,24477.4
141,28102.900000000023,77,23748.5
137,26350.400000000027,82,24497.500000000004
136,26798.10000000002,110,23982.000000000004
136,26807.100000000024,87,22342.700000000004
157,28846.600000000013,113,26520.600000000035
136,27375.80000000002,90,23980.100000000006
146,26534.100000000028,120,24417.100000000002
147,28094.600000000006,133,25113.000000000036
140,30110.80000000002,92,24138.199999999997
160,26805.000000000015,109,24541.400000000012
155,27978.10000000003,95,23670.60000000002
146,27377.100000000024,105,25657.600000000013
146,27126.60000000003,101,24896.500000000025
138,26761.70000000003,72,21961.399999999998
148,27913.100000000024,120,25898.700000000008
144,30097.90000000002,91,22927.30000000002
137,27050.400000000023,119,24118.00000000001
146,31343.700000000015,86,23199.90000000001
138,27558.40000000003,78,25929.500000000025
155,28961.300000000014,108,23964.600000000006
133,27504.80000000001,89,24555.399999999994
139,28786.70000000001,92,27311.60000000001
144,29110.800000000025,107,24726.000000000007
152,28061.20000000002,91,22973.000000000004
146,25993.500000000025,108,24306.000000000004
138,27826.90000000003,101,23287.49999999999
137,28783.400000000023,120,28202.000000000015
122,27057.600000000017,81,23310.600000000006
123,27209.10000000002,111,26765.600000000006
149,27204.200000000023,88,22479.200000000004
153,29472.10000000002,94,23260.199999999997
138,30103.400000000023,112,25341.800000000007
147,29096.400000000034,92,22075.100000000017
132,27560.000000000022,102,23257.899999999994
153,28214.000000000025,106,25444.90000000001
151,26383.800000000032,97,26001.9
151,26681.100000000013,114,24938.500000000004
152,27666.200000000008,94,23883.500000000007
148,28232.200000000026,113,23288.600000000013
150,29884.600000000024,87,23595.30000000001
136,26051.50000000003,95,23495.50000000001
134,27004.300000000025,92,23682.69999999999
137,26539.90000000001,109,27514.200000000033
153,27222.300000000025,109,23807.300000000007
144,28266.100000000017,73,24187.799999999996
150,30354.000000000007,93,24548.100000000002
151,28168.700000000026,91,25804.50000000001
137,28112.900000000016,82,23768.0
147,27633.700000000023,107,27751.000000000033
146,29693.800000000014,93,23665.600000000013
148,27775.60000000002,96,24840.00000000001
149,29190.300000000032,98,26326.500000000022
157,27401.10000000001,89,23637.40000000001
131,29078.20000000003,102,25512.500000000004
138,29228.90000000002,88,24891.200000000008
140,29852.00000000001,87,24316.200000000015
167,28290.500000000025,108,25530.60000000002
136,28327.40000000002,87,22942.800000000007
156,27610.200000000008,92,23161.3
139,26854.00000000002,92,24674.100000000017
145,27609.400000000027,109,24221.600000000013
147,26882.50000000001,97,26114.200000000023
139,28736.600000000028,145,28780.30000000003
152,27923.80000000003,121,26745.30000000002
140,28885.600000000024,111,24563.500000000015
147,28183.90000000002,93,25137.400000000005
147,26439.20000000002,100,24939.200000000015
128,27903.00000000003,87,23155.000000000015
161,27328.60000000002,143,28917.500000000025
137,27983.700000000033,106,25303.8
157,28143.000000000022,78,25044.90000000001
128,28820.900000000016,66,22872.100000000013
151,26710.60000000003,93,24441.5
154,28477.100000000024,115,25477.100000000013
145,26623.200000000023,84,23807.500000000015
151,27968.600000000002,112,23769.600000000002
150,26822.400000000016,74,25805.500000000015
154,27663.90000000002,111,26858.100000000017
161,26423.000000000025,92,24876.4
171,26456.800000000014,130,25104.500000000022
138,29156.600000000013,86,25746.800000000003
130,27191.500000000033,97,25097.1
139,27775.400000000023,109,24875.30000000002
154,27960.300000000025,104,23602.100000000013
154,27799.400000000027,112,27926.700000000033
138,27099.200000000026,113,24252.999999999996
140,26444.400000000016,103,25134.59999999999
134,27456.700000000023,110,24758.800000000007
141,27432.600000000017,107,24740.00000000002
135,27247.90000000002,111,24393.9
132,28167.800000000032,87,26311.700000000023
147,28149.200000000008,94,24195.1
141,27501.500000000033,117,24840.200000000015
130,27444.100000000024,124,26195.200000000015
138,27089.900000000023,106,25432.70000000001
131,27783.50000000002,106,27136.700000000023
118,26026.90000000002,112,24754.000000000007
145,27273.400000000012,98,25441.5
142,29667.200000000026,98,24901.600000000017
159,28850.5,79,23828.600000000006
128,27696.500000000025,90,23434.100000000002
153,28219.300000000025,119,27074.60000000001
139,29373.80000000003,124,26819.20000000003
167,26628.500000000025,105,23963.40000000001
142,27964.800000000014,86,24471.900000000005
136,29565.300000000007,102,25090.600000000006
122,28172.30000000001,93,23259.000000000004
136,28246.800000000003,116,25325.699999999993
142,28255.900000000012,110,25054.000000000007
156,28647.600000000028,99,25891.500000000007
145,28152.100000000024,91,24962.100000000006
156,30151.600000000013,93,23812.50000000001
156,29543.400000000005,77,24080.100000000002
145,27075.50000000001,108,23695.300000000007
151,27804.800000000014,119,25464.500000000007
141,28740.40000000002,102,27796.100000000028
150,27928.20000000001,87,26250.000000000036
136,27612.70000000002,84,25885.000000000007
137,28506.000000000022,95,25590.00000000002
139,27534.90000000002,87,23577.20000000001
155,27372.00000000001,89,22241.099999999995
167,28877.700000000015,114,25136.100000000002
149,26959.500000000015,114,26035.000000000022
140,27854.50000000002,119,25390.0
146,27668.600000000017,115,25718.400000000005
135,27080.50000000001,90,25404.800000000007
146,27808.000000000015,100,24626.800000000017
127,27395.100000000028,101,25692.200000000033
153,27528.200000000026,83,23479.9
154,27600.60000000002,97,24340.600000000002
152,26554.800000000025,96,24070.300000000014
141,27261.60000000002,99,23277.700000000008
155,26285.30000000002,100,23305.100000000002
158,27587.80000000003,111,26866.600000000024
145,27438.70000000002,110,25306.400000000005
160,25756.800000000014,97,24556.800000000017
141,27445.900000000023,118,26453.600000000013
124,27812.900000000023,95,24531.300000000003
141,26879.800000000043,108,27060.400000000034
148,26231.200000000023,97,24756.800000000014
135,26637.40000000004,91,23566.40000000001
146,28197.400000000016,111,25415.299999999992
145,28499.90000000003,103,24535.00000000001
134,27978.60000000002,86,24188.500000000015
155,28920.200000000023,72,23187.600000000002
144,28603.700000000026,94,25182.4
149,27665.30000000002,103,23256.500000000007
160,27979.900000000012,109,25650.30000000001
153,29529.50000000002,97,23076.700000000008
157,29743.60000000001,105,22853.60000000002
143,27029.700000000023,87,25323.00000000002
141,26871.600000000024,87,23977.700000000008
136,29669.000000000007,136,26484.100000000013
125,27595.500000000025,112,27196.40000000003
144,27410.200000000037,81,25662.900000000023
150,27122.70000000002,112,24320.50000000001
156,28171.700000000026,104,24564.500000000007
153,27749.900000000005,101,25105.0
134,27425.900000000016,112,26590.00000000001
133,27098.700000000015,100,23245.100000000013
126,26615.500000000015,107,24859.599999999995
138,27372.600000000013,110,25563.50000000001
133,29255.40000000001,91,24874.200000000008
141,27334.30000000001,119,25655.200000000004
139,26927.70000000002,77,23707.400000000005
148,26795.70000000003,89,22579.899999999998
146,29533.400000000016,113,23621.699999999997
149,27215.20000000002,114,25460.900000000012
146,26116.90000000003,108,23373.69999999999
158,26834.90000000002,108,25050.00000000001
137,30231.700000000026,95,26024.100000000002
134,28477.600000000013,90,24799.200000000015
140,29001.10000000003,103,23793.10000000001
132,27872.40000000002,84,23538.0
150,27120.600000000002,79,24326.900000000012
148,26321.90000000001,91,24900.40000000001
133,28800.30000000001,100,23668.40000000001
149,27889.30000000002,104,23977.40000000001
153,28675.50000000002,108,25259.700000000008
149,28818.600000000006,93,24140.199999999986
134,26969.20000000001,92,24528.999999999996
155,28005.30000000002,88,24828.300000000017
138,27591.90000000002,99,24414.400000000005
145,26252.300000000014,120,25538.500000000004
154,27856.40000000001,91,23606.2
150,27905.40000000002,109,23572.300000000003
143,29102.200000000015,117,26528.900000000005
138,26362.900000000034,138,26331.900000000005
161,28587.400000000016,123,27836.400000000016
137,26303.30000000002,125,26881.099999999995
137,29391.400000000016,97,24562.10000000002
146,27300.50000000004,106,27404.400000000034
167,27622.100000000024,94,24383.000000000015
135,26650.500000000022,90,26082.800000000017
144,27514.60000000001,90,23951.200000000004
145,26849.900000000016,102,25158.800000000017
130,29963.400000000023,106,23735.10000000001
145,26481.900000000012,114,25888.000000000004
146,27533.800000000025,103,24577.100000000002
138,27052.40000000002,93,25057.600000000002
145,27278.300000000032,100,25091.500000000004
135,26898.500000000025,76,25042.500000000004
138,25888.600000000028,86,23752.399999999998
143,28137.50000000001,86,25160.70000000001
136,26850.500000000036,84,24174.300000000003
146,26143.400000000034,123,26417.400000000027
146,27820.100000000028,97,24456.1
138,27843.70000000001,123,26246.500000000015
152,28136.300000000017,117,24604.000000000004
150,28211.200000000023,96,24359.500000000007
138,28329.70000000002,92,24333.500000000004
147,27919.80000000002,117,25956.700000000008
141,27240.500000000025,109,22677.000000000007
137,27943.400000000023,88,24402.400000000005
153,26914.50000000001,93,22288.30000000001
131,28406.700000000023,85,25129.100000000013
129,28558.90000000002,90,23691.60000000001
150,28118.800000000032,94,24172.00000000002
165,28504.900000000023,105,24118.1
143,28445.10000000002,89,25498.100000000006
152,26929.80000000003,98,25746.40000000001
132,26840.70000000003,84,25231.80000000002
158,27786.70000000001,86,25055.10000000002
139,26816.80000000003,80,25481.0
136,28925.70000000001,101,24421.299999999996
140,27961.500000000022,72,23200.800000000007
146,27163.60000000002,88,24437.80000000001
137,26932.30000000002,98,23460.80000000001
147,27696.200000000026,109,25855.299999999996
160,27232.400000000027,94,23519.200000000004
143,26153.300000000014,107,24090.40000000001
140,27932.50000000002,99,25576.600000000013
132,28905.100000000024,144,28308.40000000002
149,29381.200000000026,90,24985.600000000002
147,27251.10000000001,93,24920.60000000001
150,28640.700000000026,106,24845.30000000001
136,29341.30000000003,109,25666.700000000015
152,27467.100000000024,91,22558.900000000012
144,29243.20000000002,121,25211.5
147,27924.50000000002,85,24864.70000000001
141,27291.400000000016,100,23582.000000000007
157,28075.90000000002,96,24799.50000000002
152,26476.000000000022,84,24197.59999999999
148,29540.600000000028,74,22856.100000000006
141,28199.00000000002,144,28389.200000000033
138,26075.300000000025,103,22889.899999999998
152,26648.50000000002,82,23989.70000000001
157,27908.900000000027,89,24099.4
158,27072.700000000004,79,25755.0
142,28658.70000000003,70,24544.500000000022
141,26542.60000000002,106,24380.400000000005
141,26442.800000000017,87,25492.40000000001
159,27670.400000000023,78,24412.600000000006
140,27650.900000000027,98,22808.499999999996
139,27210.900000000027,77,24284.800000000007
160,29184.10000000002,95,24235.700000000008
144,26857.100000000028,84,25016.000000000015
142,26793.80000000002,91,23893.100000000017
137,27684.000000000022,77,23516.100000000002
145,27758.00000000002,100,26230.700000000004
141,26832.400000000023,92,25341.000000000015
125,27782.200000000037,97,23314.099999999995
147,26897.800000000003,87,24512.000000000007
155,28771.700000000023,82,23463.00000000002
145,26789.000000000022,84,23681.90000000001
138,26163.900000000012,107,25962.900000000012
149,29788.80000000003,104,22924.00000000002
151,26199.20000000003,87,23873.50000000002
142,29540.300000000025,108,24724.300000000007
143,27911.60000000002,99,25107.100000000006
135,26935.70000000002,73,25561.50000000001
160,27322.300000000025,79,23686.500000000015
142,27217.40000000003,91,23240.00000000002
154,26731.000000000025,93,25720.70000000002
149,27506.50000000002,99,23922.30000000001
144,27494.70000000002,110,24749.50000000001
138,29829.8,111,24316.6
153,26744.30000000002,91,24747.6
160,30050.20000000002,119,25084.20000000001
136,28528.10000000001,89,24048.4
135,26949.100000000017,103,24730.200000000004
129,27420.900000000016,131,28284.00000000002
129,28308.300000000014,90,25877.000000000004
131,28656.000000000033,106,26251.000000000007
145,27941.400000000016,76,24448.900000000016
139,26525.500000000025,89,26454.30000000001
140,27569.900000000027,82,23986.600000000006
141,28938.30000000002,98,24671.700000000023
149,27579.300000000032,100,25266.100000000024
153,27876.50000000003,111,26414.50000000002
155,28862.900000000038,77,22983.400000000012
153,27860.600000000013,123,26719.100000000017
147,28233.40000000001,76,25630.600000000006
141,28380.40000000002,103,24333.799999999992
132,26582.900000000023,95,25895.2
147,29615.000000000022,111,25012.200000000015
141,30174.400000000016,90,22997.80000000001
146,26951.700000000023,110,24027.60000000001
142,26499.300000000036,79,24438.900000000012
146,27689.9,101,25668.50000000001
140,28079.800000000014,121,26008.20000000003
154,26645.80000000001,100,25148.80000000001
146,26175.30000000001,109,24435.400000000005
155,27606.700000000023,100,24578.700000000008
143,29074.000000000022,84,25612.400000000005
129,27661.500000000025,88,23001.800000000003
138,28933.20000000003,98,25080.700000000023
149,27011.900000000023,89,26275.700000000015
141,27627.700000000015,112,25021.200000000015
160,29253.10000000002,83,24499.399999999998
144,28463.700000000008,97,24700.400000000005
135,27490.900000000034,96,25054.90000000001
137,29100.800000000025,95,23841.80000000001
139,28075.300000000017,109,24151.200000000008
139,27373.70000000001,134,32502.00000000001
143,27476.800000000025,108,26771.40000000002
138,29035.600000000017,79,25350.80000000003
141,27362.100000000017,84,23437.100000000017
132,27988.70000000001,98,26536.70000000003
148,27569.400000000012,104,24535.799999999992
140,28732.400000000027,108,23616.50000000001
152,28133.100000000028,84,24203.199999999993
133,26575.10000000002,95,25217.600000000017
141,26515.900000000034,91,23074.600000000002
139,27230.500000000022,104,28006.900000000027
151,26926.400000000023,84,24457.6
143,30501.90000000002,105,24674.400000000012
146,29689.30000000002,123,24909.700000000008
144,29031.000000000022,85,24662.100000000013
162,26592.70000000003,127,24205.200000000008
131,27181.200000000023,92,24442.6
149,30239.10000000001,74,23662.10000000001
148,27993.800000000025,107,26315.7
143,28536.200000000008,98,24592.000000000007
124,28106.700000000023,111,24816.80000000001
145,28052.20000000003,104,26625.90000000003
147,28300.500000000007,110,23712.40000000002
160,28382.70000000002,107,24570.200000000004
139,26786.300000000017,127,26304.800000000017
144,27479.30000000003,72,23288.300000000007
137,26885.100000000017,134,24047.400000000016
126,27624.70000000003,97,25931.300000000017
157,30341.100000000017,110,26767.4
141,26237.50000000002,106,24613.800000000003
150,29662.600000000017,91,25863.700000000008
134,26353.40000000002,96,23977.199999999993
141,26415.900000000016,98,23856.70000000001
135,29410.000000000015,101,23781.600000000017
144,28728.300000000007,114,25878.9
152,28767.300000000014,84,25522.399999999994
136,26526.50000000003,91,23749.900000000005
162,27463.700000000015,85,24316.5
157,28711.400000000012,102,25246.900000000005
133,27135.300000000017,114,26452.400000000012
150,28543.500000000015,85,24741.400000000005
127,27361.300000000025,123,27681.50000000002
138,27083.20000000001,107,24303.100000000002
153,27937.20000000002,108,26032.800000000007
154,27744.20000000001,101,23613.30000000001
140,28027.60000000001,86,25664.400000000016
156,27653.700000000008,125,25619.40000000001
140,27769.40000000002,87,23736.500000000007
164,26754.800000000025,98,25560.499999999993
143,27580.10000000003,96,24265.600000000017
141,28905.60000000003,108,23642.50000000001
140,27400.900000000023,101,26548.500000000015
142,26468.60000000002,109,25912.30000000001
154,28283.90000000003,89,25592.0
