151,32661.70000000001,86,24248.100000000002
145,35400.70000000002,96,26414.40000000001
148,34417.90000000001,75,25895.000000000004
146,36821.500000000015,92,24807.300000000014
145,32070.700000000015,88,26356.200000000026
138,33048.7,81,24854.4
153,33815.7,106,25208.00000000001
149,35933.399999999994,75,25449.2
131,34077.9,114,25687.399999999998
145,34459.99999999999,72,26438.399999999998
134,33460.5,91,26523.30000000001
147,34180.4,76,24721.500000000004
158,33739.49999999999,84,25279.70000000001
149,36225.0,81,25318.000000000007
157,36234.99999999999,92,25872.5
129,34195.60000000002,118,27261.60000000002
131,32088.60000000002,92,26707.60000000002
140,35166.4,91,26315.900000000005
136,36885.100000000006,85,25212.300000000003
133,36238.40000000001,83,24884.000000000007
129,36784.799999999996,89,25094.400000000016
179,37972.7,99,27435.9
164,35772.4,87,24282.700000000015
133,34524.49999999999,79,25106.100000000013
166,36711.899999999994,95,24977.699999999997
149,38278.60000000001,94,24385.400000000012
150,34234.399999999994,83,25145.700000000015
130,34330.5,80,25179.300000000007
139,34781.100000000006,93,26033.300000000017
134,33730.799999999996,94,25494.600000000006
131,34907.89999999999,85,24838.50000000002
150,34253.10000000001,92,25597.800000000014
135,34134.29999999999,75,24886.100000000013
169,37093.19999999999,88,25296.699999999997
145,32643.00000000001,80,25717.500000000007
120,35141.99999999999,88,26191.50000000002
159,34818.9,105,26039.70000000001
143,35661.4,97,26132.70000000002
149,35514.79999999999,87,24915.200000000004
132,35262.00000000001,94,28123.600000000028
165,38743.299999999996,96,25891.100000000013
145,33180.500000000015,92,26222.500000000025
164,37538.2,85,25993.400000000005
165,37090.69999999999,100,27055.100000000013
146,36131.4,100,25405.10000000002
126,34619.89999999999,94,24346.200000000015
138,34711.9,82,25186.20000000001
161,37336.89999999999,115,26253.900000000005
171,37453.2,75,25482.200000000015
147,34002.499999999985,82,24139.300000000017
151,37949.299999999996,100,25258.60000000002
157,36222.600000000006,91,26753.500000000015
133,33689.2,83,25694.199999999993
150,34488.700000000004,89,24706.500000000007
173,36025.9,96,25914.7
149,35299.4,73,24417.300000000007
170,36017.1,89,25701.0
147,35580.70000000001,91,24999.20000000001
155,34937.4,83,25427.300000000014
147,36142.59999999999,96,27404.80000000002
137,33611.20000000002,90,25131.699999999997
148,34434.899999999994,70,24197.2
119,36728.599999999984,105,24998.500000000007
132,34399.00000000001,90,25763.700000000015
160,34303.5,87,25074.00000000001
160,35944.49999999999,82,24922.10000000002
147,33270.80000000001,72,26052.700000000023
137,33878.4,90,25588.10000000001
133,33750.69999999998,113,26628.100000000024
168,38383.899999999994,80,25176.100000000006
168,37242.49999999999,111,25880.900000000016
166,36253.299999999996,79,25149.20000000001
123,36543.799999999974,81,26835.400000000016
145,35841.200000000004,83,24967.70000000001
153,36539.49999999999,87,26722.700000000023
151,34243.1,107,27175.70000000003
153,35269.4,66,24813.800000000014
153,33675.200000000004,89,27115.600000000006
105,33320.900000000016,101,24975.500000000022
142,36894.100000000006,100,25067.600000000013
164,35607.1,93,25716.600000000017
141,34772.70000000001,85,26080.40000000001
130,34278.89999999999,83,26173.00000000002
131,34824.7,98,24811.60000000001
131,36362.00000000001,89,24522.5
153,38120.799999999996,90,25928.300000000007
131,36480.59999999999,83,24908.000000000004
140,35819.899999999994,84,27323.00000000002
131,34300.09999999999,86,24467.000000000015
127,34281.59999999999,79,25076.50000000002
130,32152.90000000001,75,25089.699999999993
157,38185.80000000002,94,26946.000000000033
125,35201.5,111,25770.000000000004
148,36320.10000000001,88,26519.800000000014
150,34375.9,102,25077.9
171,35168.8,88,25263.800000000007
142,35101.0,98,26419.100000000013
146,34875.30000000001,81,24356.700000000008
132,33666.99999999999,104,24515.200000000015
140,35541.99999999999,85,25409.200000000015
147,37925.49999999999,95,25904.49999999999
134,36217.0,100,26849.500000000022
130,33300.799999999996,87,26387.000000000004
111,33810.5,84,24775.700000000008
149,36726.80000000001,79,26714.70000000002
180,38444.59999999999,96,26072.399999999998
137,34250.69999999999,93,26041.000000000015
143,34240.09999999999,80,26294.500000000004
144,35682.7,96,25257.70000000002
131,35546.69999999999,89,25141.700000000015
127,38795.4,90,26913.700000000015
128,33998.100000000006,80,25354.700000000008
144,36899.2,86,24642.800000000003
135,36901.499999999985,90,27245.500000000015
156,36872.5,83,25411.60000000001
149,35803.30000000001,79,25475.30000000001
130,34512.4,80,23782.000000000015
126,33710.20000000001,76,25576.00000000001
131,33035.299999999996,88,26502.89999999999
149,36164.9,92,24519.300000000003
166,37711.30000000001,97,25422.3
130,36846.9,87,24907.300000000014
126,33946.899999999994,91,25539.300000000007
154,34943.700000000004,103,25816.400000000034
120,35398.49999999999,73,24621.00000000002
132,33600.2,99,25808.2
136,33430.30000000001,93,26066.4
151,35172.6,79,26050.600000000028
144,33910.40000000001,88,25355.300000000007
125,31844.300000000007,107,25626.000000000007
159,34986.6,94,25825.200000000015
170,36298.19999999999,90,24187.00000000001
158,34034.10000000001,122,25338.8
156,37655.19999999999,93,25779.700000000023
139,32350.600000000013,83,25625.900000000005
148,37616.899999999994,90,24641.20000000002
162,34837.79999999999,96,25786.100000000017
132,33624.0,103,25783.80000000002
125,33816.500000000015,106,27377.70000000001
140,35197.30000000002,79,25569.1
134,35143.6,83,26418.50000000002
144,35479.799999999996,110,26310.5
151,33786.399999999994,67,24422.300000000017
154,34365.99999999999,96,27630.400000000012
142,35444.9,109,25529.20000000002
131,35403.00000000001,92,26071.90000000002
138,35150.29999999999,90,25210.200000000004
131,35158.3,98,26689.3
171,36829.599999999984,80,25427.799999999996
118,33717.0,91,27319.000000000015
164,38535.3,98,24464.100000000017
149,35768.19999999999,99,26013.000000000015
150,34445.19999999999,98,24059.899999999998
134,32984.50000000001,92,25739.100000000024
131,34024.19999999999,76,26792.900000000023
145,35208.20000000001,97,25460.600000000013
172,39337.700000000004,87,25244.699999999986
133,32591.100000000017,114,25958.60000000001
150,35218.0,97,26087.800000000014
144,34770.80000000001,86,25480.90000000001
147,36614.19999999999,96,26254.800000000003
147,37546.10000000003,80,25046.900000000012
137,33132.69999999999,90,27735.50000000002
156,37938.299999999996,88,25143.000000000004
175,36029.7,94,26154.20000000002
155,36901.39999999999,79,25960.70000000002
130,33553.1,90,24794.2
154,36848.600000000006,97,23826.500000000007
127,35300.9,83,24573.900000000005
149,38121.2,78,26393.60000000001
147,37917.5,97,24892.500000000007
142,35015.299999999996,99,25564.70000000002
143,35820.4,82,26425.800000000014
135,35837.7,66,25229.000000000004
158,38156.100000000006,85,24767.6
164,36277.29999999999,87,24468.60000000001
165,34977.09999999999,90,24673.000000000015
139,35011.79999999999,81,26764.800000000032
123,35250.6,91,26891.300000000025
153,37260.900000000016,107,25143.600000000002
157,33683.100000000006,78,25331.199999999997
135,34940.89999999999,115,25887.20000000001
137,32502.500000000007,94,25639.499999999996
135,33748.0,88,25757.30000000001
146,32632.100000000017,80,25053.00000000002
163,39024.69999999998,93,27842.30000000002
147,35863.4,101,25588.900000000005
135,36074.30000000002,90,24517.90000000001
163,36208.0,81,25679.500000000004
122,34199.6,85,25614.30000000001
124,36470.79999999999,73,25610.900000000005
140,35099.99999999999,103,25278.800000000007
168,38280.20000000001,102,27428.30000000003
131,33623.3,87,26629.600000000017
129,36615.600000000006,104,25343.000000000015
139,32139.90000000002,92,25307.9
165,36523.799999999974,111,26208.6
199,38350.69999999998,96,25550.100000000013
144,36127.299999999996,77,25646.600000000002
169,36723.00000000001,102,26408.20000000001
148,34505.4,99,26072.4
142,34919.19999999998,91,26025.90000000002
156,35586.9,89,24817.800000000017
139,35518.700000000004,79,25840.40000000001
146,35805.3,96,27535.80000000002
157,34945.69999999998,91,26209.800000000014
147,34181.4,97,24596.100000000017
161,37253.59999999999,89,26033.89999999999
146,37506.8,72,23658.300000000014
137,32279.70000000001,82,24924.10000000001
146,34927.80000000001,76,25504.399999999994
152,37607.19999999999,75,25706.20000000001
158,38071.49999999999,87,25608.300000000014
180,35763.79999999999,108,23829.00000000002
134,36603.30000000002,87,25010.800000000017
159,34924.4,88,26271.8
158,33806.299999999996,73,25566.099999999988
139,34205.99999999998,95,26099.600000000017
148,36026.49999999999,103,28019.10000000002
147,36549.19999999999,82,24937.100000000013
154,37497.899999999994,101,25887.500000000007
139,34966.8,84,25896.50000000001
149,34371.40000000001,73,25305.400000000005
152,34551.7,84,25206.70000000001
132,33754.49999999999,91,25846.700000000015
150,33276.5,94,26847.000000000015
138,33927.39999999999,89,24787.600000000002
169,36171.3,90,26757.200000000015
142,35905.60000000002,85,25583.000000000015
127,33940.9,94,24896.000000000004
153,35040.399999999994,91,26345.00000000002
120,34492.2,71,24735.000000000004
161,38068.2,83,26139.200000000015
135,32430.300000000014,98,24981.400000000005
148,34273.4,76,24952.100000000017
168,38144.79999999999,83,25360.400000000016
136,32903.899999999994,74,25013.30000000001
152,36283.299999999996,83,25814.300000000014
138,36188.8,80,25444.200000000008
141,33247.6,91,24832.100000000006
169,36195.4,99,25409.60000000002
152,32070.59999999999,104,25593.70000000001
130,35274.100000000006,79,25259.60000000001
188,37267.8,72,24538.400000000016
119,31428.400000000012,84,26428.500000000007
138,34051.900000000016,118,25769.60000000001
145,33618.4,83,25273.20000000001
134,33611.70000000001,83,26154.800000000017
142,33580.69999999999,80,26305.999999999996
142,34846.399999999994,84,25667.500000000007
134,33647.299999999996,88,25130.1
126,34781.90000000001,74,25059.399999999998
146,34833.7,83,27219.600000000042
162,35705.60000000002,93,25535.5
140,36221.5,94,25560.10000000001
167,38118.6,134,29010.100000000013
128,33663.29999999999,103,24727.500000000004
133,39488.499999999985,113,28928.20000000003
135,35277.29999999999,93,26069.300000000003
135,33610.7,110,26711.100000000006
161,37920.49999999999,78,25100.600000000013
137,34526.9,77,25119.2
126,36554.0,85,25700.300000000003
155,36859.7,90,25534.200000000004
142,35590.40000000001,97,25923.60000000001
137,37892.999999999985,74,25890.80000000002
138,37219.59999999999,121,26039.4
130,34837.20000000001,64,25801.40000000001
154,36415.400000000016,85,25428.40000000001
153,35400.20000000001,73,24496.300000000003
131,34348.0,69,25261.300000000014
137,34580.09999999999,103,26393.70000000002
147,34721.29999999999,94,27195.800000000047
126,31503.500000000007,104,25011.700000000008
136,35207.5,75,23664.200000000023
163,36691.100000000006,84,24851.80000000001
147,33546.3,83,25359.60000000001
136,35610.499999999985,80,25422.300000000014
140,37193.500000000015,98,27349.300000000025
135,34514.200000000004,94,24449.70000000002
157,35278.29999999999,112,26334.60000000001
139,33080.399999999994,80,25338.600000000006
151,34591.00000000001,65,25374.700000000015
141,33817.700000000004,79,24509.80000000001
141,34892.29999999999,108,24941.30000000002
159,34835.99999999999,82,26054.90000000002
129,33851.399999999994,91,24472.000000000015
152,34048.00000000001,104,24543.100000000002
154,37958.49999999999,83,25393.600000000002
142,35125.7,82,26542.700000000033
154,35461.500000000015,92,25764.100000000017
158,35456.69999999999,98,26565.200000000015
127,36055.09999999999,82,25502.600000000006
147,34436.19999999999,98,26484.100000000013
185,36391.4,83,26933.90000000002
138,36709.600000000006,107,26318.400000000016
138,33663.10000000002,91,25047.100000000002
158,35595.2,79,26465.300000000032
130,34279.399999999994,83,24506.700000000008
144,35539.799999999996,102,25051.9
156,36506.700000000004,81,24369.000000000015
145,34080.70000000001,86,26374.400000000023
176,38272.0,114,24761.6
143,32417.200000000008,109,26049.200000000008
155,34277.2,123,26420.100000000013
161,36779.499999999985,100,25981.70000000002
142,32992.7,91,26067.399999999998
185,35344.30000000001,97,24851.899999999998
138,32173.100000000002,67,23568.20000000001
140,33238.7,97,24467.900000000005
128,34364.19999999998,80,26435.500000000022
145,36482.4,104,26386.600000000013
147,32890.19999999999,98,26278.700000000023
119,35326.70000000001,73,26544.900000000016
164,37761.4,68,24899.80000000001
134,32951.200000000004,83,26272.60000000001
150,35297.299999999996,88,26354.30000000001
167,37028.20000000001,89,24878.900000000016
137,34281.999999999985,93,25895.200000000004
164,35653.099999999984,71,26478.800000000014
150,37670.79999999999,87,26392.100000000024
139,36523.49999999998,87,26260.7
125,34979.80000000001,101,24859.50000000001
187,36980.100000000006,108,26046.80000000002
152,33117.59999999999,88,26454.900000000027
131,33319.700000000004,96,26350.100000000013
147,32402.800000000017,92,24695.70000000001
135,34597.500000000015,90,25607.20000000001
133,35040.999999999985,78,24931.700000000004
142,32836.50000000001,85,26265.8
169,38762.49999999999,65,25199.000000000004
181,37759.700000000004,81,25015.70000000002
197,39295.30000000002,105,25397.40000000001
134,32585.500000000015,89,25098.700000000015
162,35702.09999999999,108,28018.70000000002
127,33707.9,86,24876.00000000002
144,37015.1,99,27555.000000000025
126,31657.400000000005,85,25262.900000000012
141,36177.9,85,25206.30000000001
156,38594.80000000001,113,26032.900000000005
144,36935.899999999994,88,26366.400000000012
169,34644.1,89,24940.00000000002
153,32948.29999999999,72,24280.600000000017
128,34371.6,97,25358.40000000002
133,33837.100000000006,74,25256.600000000006
162,34937.00000000001,71,24437.70000000001
152,36076.400000000016,90,24774.9
141,34260.69999999999,82,24308.100000000002
152,34964.900000000016,87,26098.800000000014
131,35708.10000000001,110,25769.700000000015
158,35204.200000000004,105,25919.600000000002
128,32710.200000000008,103,24921.00000000001
157,35661.200000000004,84,24835.40000000001
174,33906.09999999998,85,25678.000000000015
138,35855.600000000006,82,26392.499999999996
157,36275.200000000004,108,26458.400000000005
132,35696.000000000015,125,24932.30000000001
171,38119.19999999999,80,24459.70000000001
155,35089.30000000001,89,24448.599999999995
131,33644.399999999994,98,25050.50000000002
145,37714.30000000002,74,25287.40000000001
175,37675.200000000004,104,27145.600000000028
150,34198.8,90,25093.90000000002
158,36051.89999999998,78,25735.600000000006
128,36191.799999999996,100,26124.700000000015
151,36986.999999999985,98,25755.500000000004
150,36655.399999999994,103,25551.900000000005
123,33968.69999999998,101,25915.600000000024
138,33419.900000000016,105,25243.10000000001
126,34046.09999999999,102,24586.500000000015
136,32689.40000000001,61,26718.200000000015
126,36277.19999999998,92,25103.000000000007
155,35453.49999999999,105,26428.70000000002
204,37432.09999999999,71,25733.800000000025
123,35608.59999999999,86,25126.000000000007
166,37432.2,83,24953.700000000015
156,37159.80000000001,90,26974.60000000001
137,34949.100000000006,95,27065.10000000003
155,36111.49999999998,103,27764.100000000035
126,32870.90000000001,99,27018.9
162,37023.600000000006,89,26363.50000000001
134,36948.69999999998,97,26166.500000000022
144,35366.0,95,24966.80000000001
139,31594.20000000001,107,27345.30000000001
155,37368.0,89,25948.600000000013
146,34793.4,98,25367.5
154,35783.1,91,25720.40000000001
146,32386.800000000017,94,25813.4
142,37258.499999999985,102,26106.500000000007
138,34636.600000000006,96,25515.7
137,34578.49999999999,94,27104.50000000002
136,34221.90000000001,80,25112.50000000001
162,33522.7,87,26109.000000000007
143,31319.30000000001,61,24920.400000000005
152,35622.600000000006,102,26106.90000000002
139,35190.2,99,26934.000000000015
115,34142.7,73,26142.0
149,31874.50000000001,72,23996.900000000023
145,36096.700000000004,94,27165.90000000003
144,35834.700000000004,89,24701.500000000015
149,35611.30000000002,108,25037.30000000001
146,36589.8,80,25308.000000000004
153,35734.5,100,26094.400000000016
135,35394.69999999999,89,26243.100000000002
133,34207.79999999999,82,24945.00000000001
150,33618.700000000004,104,25482.400000000005
142,37863.80000000001,101,24706.700000000015
128,35485.69999999999,96,24924.6
122,32614.80000000002,78,25152.700000000008
148,33483.80000000001,86,25329.200000000008
131,36345.899999999994,96,27154.800000000017
135,35364.4,70,25595.100000000006
127,33966.59999999999,100,27039.400000000023
142,34725.1,94,26696.700000000008
159,36460.500000000015,124,26403.20000000001
182,38338.40000000001,89,26421.700000000015
154,36985.600000000006,107,25896.30000000001
141,35606.39999999998,103,26327.000000000007
140,36564.3,83,25243.400000000016
160,35363.00000000001,68,25065.400000000027
159,34567.09999999999,92,24657.000000000004
206,38108.80000000001,76,25070.600000000013
141,36184.6,91,26423.600000000006
142,36721.79999999998,64,24275.800000000014
147,35367.399999999994,97,24126.7
133,34938.4,102,27523.900000000005
140,33875.600000000006,87,25674.5
179,39121.6,69,26148.5
149,36582.7,71,24360.500000000015
169,34464.9,83,25261.60000000001
170,37299.40000000001,103,24803.30000000001
141,36136.5,86,24754.100000000017
155,35428.899999999994,102,25431.400000000016
124,38478.1,91,25220.50000000001
143,35906.199999999975,80,25312.60000000001
166,35279.59999999999,88,26369.400000000005
135,35514.19999999998,78,26231.2
135,34924.00000000001,85,25148.700000000008
153,36646.10000000001,101,25372.700000000008
163,35661.70000000001,88,25153.3
143,36635.40000000001,95,25415.099999999995
140,34256.40000000001,88,26965.500000000025
143,35737.4,93,26260.200000000023
153,34609.600000000006,82,24045.500000000007
197,38674.5,55,23833.5
167,37945.19999999998,82,26430.60000000001
150,36985.700000000004,93,25808.3
163,37427.1,86,24746.200000000008
157,34364.2,86,26740.400000000023
150,31698.50000000001,125,27171.900000000016
133,35604.7,115,26755.900000000005
159,36756.39999999998,64,24831.80000000001
145,33718.6,104,24015.80000000001
130,32476.300000000014,96,25163.50000000001
148,36113.79999999999,78,26765.000000000033
181,35881.899999999994,88,25597.700000000008
166,36444.40000000001,102,26616.00000000002
151,36567.49999999998,81,25433.400000000005
131,31862.50000000001,98,24466.00000000001
135,33948.600000000006,90,25781.000000000007
136,36254.700000000004,88,25983.20000000001
120,33150.2,86,25726.10000000001
126,32119.400000000012,90,25211.700000000008
149,34740.0,80,25441.200000000004
164,34874.499999999985,88,26069.0
136,32471.300000000025,106,25179.400000000005
143,36758.2,90,25337.600000000002
127,33613.200000000004,88,26415.300000000007
139,34910.30000000001,89,25220.600000000017
122,33468.299999999996,88,25996.000000000015
142,36510.999999999985,85,26074.600000000002
130,36640.20000000001,78,25703.100000000013
124,35028.6,80,25833.40000000001
152,36021.09999999999,75,25729.100000000002
160,32709.90000000001,103,25489.800000000017
156,32903.399999999994,94,24592.300000000017
128,36056.299999999996,91,27438.600000000024
117,32044.400000000016,103,25839.30000000001
170,38240.20000000001,89,25631.90000000001
128,35742.899999999994,99,25745.30000000002
161,37148.80000000001,72,24797.399999999998
122,34343.5,92,25098.100000000006
155,35807.19999999999,80,25981.500000000004
170,39810.3,78,24831.500000000004
144,36166.0,100,24805.9
145,33094.00000000001,87,26082.000000000004
166,36911.799999999996,95,25511.60000000002
148,35929.00000000001,79,24981.90000000002
137,36645.89999999999,103,25840.500000000022
158,37462.19999999999,96,25399.200000000008
126,35083.100000000006,78,24753.5
136,33414.2,102,26936.30000000002
145,34701.600000000006,101,26214.80000000001
130,33269.49999999999,108,25424.500000000007
132,34081.30000000001,105,27074.90000000003
132,35066.29999999999,102,25461.900000000016
137,34533.0,91,24790.600000000006
146,35837.19999999999,96,25562.20000000001
160,34252.7,83,25120.30000000001
155,36505.29999999999,85,24520.200000000008
156,36327.5,96,24635.200000000004
157,34275.799999999996,70,24929.50000000001
149,34787.90000000001,87,26464.200000000015
137,32862.799999999996,105,25438.200000000008
146,34039.2,92,26541.399999999994
153,34049.1,94,26372.50000000002
187,38393.90000000001,97,26571.600000000013
131,31371.800000000003,85,26291.900000000012
178,38820.700000000004,85,28602.700000000026
138,34651.3,103,24288.900000000005
138,35439.70000000002,93,25712.600000000013
129,32463.700000000015,90,25833.700000000004
173,35984.69999999999,56,26295.100000000017
162,34826.6,87,23693.000000000007
135,32999.8,67,24982.60000000001
157,34527.40000000001,76,24533.299999999992
140,33916.9,102,25254.800000000017
135,34864.299999999996,86,24811.600000000024
136,31779.600000000002,93,26065.500000000015
143,36213.299999999996,91,24598.100000000006
169,33550.6,93,26213.200000000008
161,34955.7,81,25466.50000000002
140,33417.70000000001,100,25449.800000000014
153,37177.60000000002,99,26984.00000000001
137,35055.50000000001,103,26534.899999999994
138,32879.30000000001,80,25190.8
148,34679.4,94,25900.900000000016
161,36941.99999999999,83,25857.300000000014
138,34815.399999999994,92,25227.299999999996
147,32594.000000000015,86,25825.899999999998
150,36457.799999999996,94,26732.00000000001
122,33018.3,97,24814.100000000013
134,34364.40000000001,81,24700.60000000001
123,33195.40000000001,90,24939.000000000007
145,36235.40000000001,112,25791.3
152,37616.70000000002,108,25856.10000000001
129,36529.29999999999,71,25044.100000000006
152,34746.4,93,23817.500000000007
151,33758.599999999984,94,25402.10000000001
149,35751.89999999999,96,24843.100000000013
148,34327.499999999985,100,27196.70000000002
128,33205.99999999999,87,26013.200000000015
173,37462.600000000006,95,25894.500000000015
153,38660.399999999994,92,26281.800000000014
134,34228.4,82,26417.10000000001
125,34031.00000000001,88,26020.400000000016
139,31787.700000000008,100,23454.20000000001
142,31955.50000000001,89,25021.600000000002
127,33024.50000000001,120,27744.300000000017
117,35548.69999999998,86,24012.200000000008
133,33092.1,97,26555.400000000005
143,34541.0,85,26543.7
145,35326.49999999999,92,25567.90000000001
126,35573.599999999984,108,26498.500000000025
160,33827.90000000003,91,24712.10000000001
148,33783.100000000006,72,25395.10000000001
146,34435.5,71,25369.400000000023
142,34909.5,87,25371.3
145,36381.09999999999,96,27038.00000000003
181,36376.2,87,26718.300000000017
126,33548.899999999994,93,25593.300000000014
179,37355.700000000004,85,26150.90000000001
124,33861.10000000002,79,25378.600000000013
161,33250.70000000001,90,25332.500000000033
164,34883.59999999999,77,24220.900000000016
137,34579.4,74,24694.800000000014
193,40596.49999999998,101,24875.400000000016
150,36000.2,103,25324.000000000015
161,33971.70000000001,83,25183.900000000005
124,33908.00000000001,110,27897.700000000015
134,34367.899999999994,105,25282.300000000007
198,37950.59999999999,101,25239.700000000008
144,33759.9,108,25611.100000000006
140,35500.89999999998,92,24777.399999999998
140,31997.400000000005,90,26326.600000000017
141,34835.29999999999,64,23375.600000000006
168,36672.200000000004,75,25142.199999999997
144,33886.000000000015,71,25686.0
137,34578.40000000001,103,25259.800000000007
147,38412.899999999994,99,25357.300000000017
156,36559.99999999999,93,25810.500000000004
145,32567.500000000004,81,25110.500000000007
180,36346.19999999999,96,25776.30000000001
155,37677.3,95,26479.700000000015
158,34620.69999999998,94,25914.600000000002
121,33866.0,112,25135.900000000005
134,33802.7,87,25254.500000000022
135,31559.700000000008,108,27808.700000000033
146,34139.9,109,27599.000000000022
132,33611.4,95,25006.900000000012
138,32491.100000000013,88,27271.600000000006
130,34849.0,96,25861.700000000004
135,34472.09999999999,90,26515.700000000015
152,35501.799999999996,85,24815.90000000001
143,33165.700000000004,82,25207.000000000007
155,35964.59999999999,87,26257.10000000002
160,38089.3,102,26314.800000000007
133,32995.6,117,25324.800000000007
131,34855.49999999999,110,25474.4
135,33426.9,91,25598.600000000006
170,38456.80000000001,83,26121.30000000001
157,35409.6,94,26261.80000000001
170,40231.1,81,26076.300000000007
118,33528.700000000004,99,25711.500000000015
165,36680.39999999999,81,25870.50000000002
135,37353.4,113,25695.400000000016
149,35527.099999999984,92,25754.8
124,33620.40000000001,96,27842.20000000002
140,34572.700000000004,80,25618.90000000001
185,37854.79999999999,79,24134.500000000022
130,36160.99999999999,78,25744.50000000001
142,37019.3,82,26039.20000000001
155,36043.600000000006,98,26426.900000000012
148,36019.299999999996,89,25237.80000000001
180,35578.10000000001,100,24621.00000000001
137,36621.1,106,26849.00000000002
132,35865.99999999999,109,26898.60000000001
140,34934.000000000015,89,24622.5
160,35929.09999999999,92,25115.699999999997
138,33087.200000000004,85,26397.300000000017
146,34029.1,82,25948.600000000017
169,36461.599999999984,87,24757.500000000007
134,34294.7,110,25319.10000000001
147,33339.8,83,25130.80000000001
142,35647.399999999994,91,24634.30000000001
131,34451.2,108,25839.400000000023
138,33723.69999999999,98,24842.899999999998
186,37554.50000000001,87,23963.600000000006
143,35764.3,94,26868.100000000013
156,37352.500000000015,96,26241.100000000013
137,33886.700000000004,72,25282.600000000013
139,36089.999999999985,93,25178.400000000005
134,32738.00000000002,94,25157.300000000014
140,32675.00000000001,78,24828.20000000002
136,35208.3,84,24881.100000000013
148,34504.5,93,25550.00000000002
155,35637.0,88,26076.80000000001
141,32527.80000000001,113,29135.100000000024
128,35136.7,80,25412.600000000006
129,35954.799999999996,89,25616.90000000001
132,33827.40000000001,86,25855.50000000002
136,34744.799999999996,119,26255.70000000002
147,33498.9,96,25483.600000000006
139,36450.79999999999,92,26032.400000000012
153,34403.59999999999,92,24543.999999999996
144,33888.7,69,25825.90000000001
154,33812.70000000001,81,24483.00000000001
157,35093.299999999996,90,25509.10000000001
130,34981.59999999999,80,25123.800000000014
140,35424.50000000001,107,25641.200000000008
150,34692.799999999996,93,24302.700000000008
158,33772.19999999999,74,25438.9
125,34622.49999999999,97,25847.399999999998
143,35154.0,84,24468.300000000007
149,36172.59999999998,87,25897.200000000004
137,36638.700000000004,88,26061.80000000001
160,36952.69999999999,90,26290.20000000001
155,33304.49999999999,100,26303.200000000004
141,36881.30000000002,101,25241.699999999997
130,34529.0,64,23598.30000000001
137,33042.4,81,26886.399999999994
129,31585.90000000001,111,25831.300000000017
137,34576.69999999999,77,24742.800000000003
131,34338.000000000015,94,26182.100000000002
155,33284.900000000016,99,24583.50000000001
147,32391.000000000025,91,25778.800000000003
172,34755.90000000001,84,24601.5
117,32709.90000000002,112,24216.800000000003
155,34415.799999999996,87,25116.40000000001
140,35443.59999999999,95,24956.90000000001
134,34750.69999999998,88,25584.6
177,38144.000000000015,90,24751.800000000003
141,31389.000000000007,92,26770.50000000003
165,34951.500000000015,90,25715.100000000013
159,34561.399999999994,78,26380.499999999996
154,34168.7,65,25020.80000000002
142,33812.6,86,25035.700000000008
129,33175.09999999999,109,27283.300000000017
128,36058.99999999999,80,27347.20000000002
144,35131.600000000006,79,25438.6
132,35365.1,86,24896.30000000001
154,35138.9,93,25449.000000000007
150,34636.60000000002,81,25438.40000000001
138,35222.899999999994,74,26401.500000000004
133,34544.29999999999,98,24989.3
133,35932.80000000001,95,25511.600000000002
149,34849.0,115,25665.499999999996
137,34818.799999999996,74,25434.20000000001
139,33438.700000000004,101,25830.20000000001
127,36575.29999999998,88,24971.30000000001
178,38431.299999999996,94,25790.500000000004
122,33047.4,97,26666.600000000035
129,35596.39999999999,87,25983.30000000001
176,40504.50000000002,96,25576.30000000001
146,36228.9,77,25208.10000000001
145,34138.5,102,26104.30000000001
137,33271.50000000001,87,26627.800000000017
123,35233.5,94,24806.900000000016
144,31134.600000000006,99,26753.30000000003
124,34537.49999999999,96,26214.80000000001
128,34104.49999999998,97,26118.80000000002
147,34734.49999999999,86,25636.300000000007
140,33888.70000000001,77,25000.400000000005
133,31537.10000000001,95,25773.700000000008
132,35392.9,118,27015.5
132,34270.50000000001,89,24799.100000000006
155,37466.9,85,25225.3
143,33402.5,112,24038.2
157,34505.10000000001,84,25053.700000000015
149,36518.19999999999,93,25207.600000000006
124,34280.90000000002,102,24697.300000000014
133,34232.99999999999,90,25718.30000000001
129,33046.70000000001,80,26162.5
142,35844.49999999998,87,24783.000000000007
131,33221.3,91,24666.600000000002
136,35340.0,95,25522.999999999996
118,35219.39999999999,90,26089.900000000005
143,32574.2,92,25180.20000000002
155,35324.0,83,24864.800000000014
160,37158.70000000002,80,24080.199999999997
143,35618.50000000001,81,25840.600000000002
140,34953.7,84,24760.0
136,35350.9,100,25691.700000000008
154,34606.6,95,25743.000000000022
142,33398.0,78,25285.700000000008
137,34254.3,79,25341.100000000006
143,34366.09999999999,90,26048.800000000007
139,35575.599999999984,90,25323.00000000001
141,35817.1,89,26235.50000000002
131,31731.300000000007,99,24638.300000000014
123,34763.89999999998,108,26777.10000000002
150,33992.49999999999,103,25520.400000000012
156,36181.399999999994,89,25096.099999999988
129,33456.6,72,25380.100000000013
147,33124.10000000001,93,24717.200000000026
134,33216.9,88,25742.900000000012
143,36103.999999999985,73,25288.400000000016
125,32358.300000000014,99,25435.500000000004
123,33085.899999999994,85,25667.400000000016
131,35481.79999999999,88,25404.000000000007
130,32966.100000000006,92,26529.20000000001
170,36273.49999999999,75,26787.50000000002
165,35782.60000000001,102,26151.4
132,33529.1,75,24781.600000000013
153,34371.6,73,25388.9
138,35010.19999999998,96,25128.9
146,34248.8,102,26658.200000000015
135,33651.29999999999,88,25939.300000000003
148,35618.0,66,24883.800000000017
147,36726.3,80,25764.900000000012
185,36658.29999999999,117,27311.10000000003
157,34224.9,81,25165.000000000007
153,34741.90000000001,86,25935.90000000002
133,34185.100000000006,99,26021.800000000014
157,37176.3,91,24901.100000000002
144,34155.20000000001,88,25914.300000000007
139,36592.899999999994,97,26468.700000000004
134,34821.6,81,26166.3
138,34903.79999999999,79,24926.300000000014
182,36520.59999999999,95,27541.699999999997
193,38943.599999999984,87,25476.900000000005
165,38238.599999999984,90,25587.50000000002
143,34563.700000000004,82,25948.50000000002
138,36045.30000000002,100,25380.09999999999
154,36004.999999999985,88,25085.30000000002
148,35682.6,106,25439.200000000008
133,35412.899999999994,96,24380.00000000001
136,34266.89999999999,103,26467.10000000001
178,37868.09999999998,85,27188.40000000002
139,32446.700000000015,66,25854.300000000017
151,33139.19999999999,79,25912.600000000006
145,35330.899999999994,70,25953.700000000004
128,35427.40000000001,70,23603.200000000008
136,35670.19999999999,73,25608.300000000032
150,35533.29999999998,83,24659.300000000014
180,36109.20000000001,113,26443.50000000002
169,37209.100000000006,103,27608.800000000017
148,36675.49999999999,86,26328.500000000007
134,35844.299999999996,89,25499.5
144,34914.20000000001,91,26527.40000000001
157,34746.29999999998,70,24436.20000000002
145,34291.29999999999,84,25567.90000000001
131,34621.4,97,23772.8
129,35014.200000000004,111,26678.400000000005
151,32052.90000000001,94,24970.70000000002
143,33744.29999999999,88,26469.300000000025
143,33203.700000000004,103,26559.50000000002
147,32556.80000000001,101,26164.500000000004
165,37161.00000000001,90,25297.800000000014
168,35763.19999999999,86,24927.900000000016
155,36803.2,81,24845.00000000001
136,33974.40000000001,91,24494.59999999999
154,33329.3,98,26038.000000000015
142,35359.8,91,26433.600000000013
138,34710.59999999999,85,25010.100000000013
178,38322.6,94,25805.300000000014
134,34715.5,84,26220.700000000008
171,36338.59999999999,74,24525.7
143,34872.399999999994,83,26183.399999999994
165,35812.200000000004,84,25356.700000000015
149,33735.3,94,26077.400000000023
169,37488.29999999999,94,26460.10000000002
142,33014.8,82,25056.000000000007
140,34926.59999999999,109,26121.89999999999
156,37312.100000000006,79,24771.700000000008
131,36330.0,89,26416.400000000005
151,37424.9,96,26449.60000000001
169,33687.700000000004,94,25610.9
127,33682.700000000004,98,25427.10000000001
144,33095.600000000006,72,24585.30000000002
128,32693.20000000001,92,25030.400000000005
150,35345.00000000002,90,25693.900000000023
128,35751.999999999985,99,25750.599999999988
116,34304.799999999996,79,25409.70000000001
134,34805.9,90,25617.900000000012
127,33815.399999999994,77,25820.000000000007
174,37326.200000000004,105,26451.00000000001
154,35524.7,94,26003.800000000007
154,32706.100000000002,95,26495.60000000001
146,33438.79999999999,79,25130.800000000017
145,35548.299999999996,98,26166.60000000002
152,39232.399999999994,92,26381.400000000016
141,33117.700000000004,96,27865.800000000025
176,33594.100000000006,112,27077.099999999995
167,36533.20000000001,105,26602.300000000014
158,35650.3,83,25100.399999999998
152,35764.00000000001,98,25495.600000000013
163,36657.69999999999,66,24761.900000000016
132,32979.70000000001,85,24909.70000000002
152,35816.69999999999,115,25610.900000000012
147,32992.100000000006,76,25041.700000000004
150,36218.49999999999,87,25488.90000000001
126,37108.700000000004,94,25175.20000000001
139,32679.80000000001,100,27667.80000000003
142,34731.0,69,25376.7
140,35354.19999999999,87,25593.10000000001
150,37959.59999999997,85,24993.400000000005
160,36616.400000000016,96,26238.300000000007
172,36901.90000000001,89,25603.80000000002
137,31275.50000000001,64,24108.9
133,33423.7,93,24445.300000000007
162,35661.69999999999,78,24231.100000000013
155,35813.200000000004,98,27835.500000000025
143,34432.6,106,25668.8
143,34350.600000000006,78,24986.2
121,34013.700000000004,100,25839.60000000003
137,33473.0,94,25873.80000000001
180,36636.0,77,25571.600000000013
156,36054.5,78,25076.400000000005
139,33402.4,85,24697.100000000002
130,33344.3,78,25192.699999999997
141,34225.899999999994,104,27004.00000000002
140,35262.200000000004,91,26161.600000000017
153,35133.200000000004,90,25667.200000000004
138,32211.50000000001,85,24513.10000000001
158,34596.40000000001,89,25017.9
124,33368.2,82,25570.000000000025
152,35872.19999999998,76,26090.800000000007
143,36299.59999999999,87,24966.600000000017
140,33286.49999999999,90,25014.000000000007
177,37841.5,87,24430.400000000027
145,36360.09999999999,80,24676.400000000023
142,33704.10000000001,96,25450.5
152,35858.29999999998,91,25493.80000000001
185,35985.899999999994,101,24835.500000000007
140,31700.80000000001,97,26590.300000000025
148,35552.2,61,25230.300000000017
127,31370.900000000012,110,26581.200000000026
173,35377.2,86,24371.900000000016
141,34801.200000000004,100,25907.60000000001
135,32414.40000000002,79,26169.800000000017
148,36140.500000000015,96,25977.900000000005
128,34145.200000000004,105,25179.700000000008
109,32437.9,99,25389.90000000001
135,33844.2,66,25779.500000000007
141,35882.30000000001,87,26064.000000000007
148,35076.399999999994,87,24634.699999999997
148,33764.40000000001,88,24831.499999999996
128,32464.700000000008,98,25346.3
158,34745.29999999999,67,26267.000000000015
136,33964.0,89,26054.30000000001
120,33599.40000000001,88,24959.199999999993
136,34861.89999999999,85,24858.000000000004
136,36851.999999999985,77,26071.60000000002
119,33611.4,84,26200.600000000006
139,34736.30000000001,92,24951.800000000003
140,35959.999999999985,97,28129.900000000034
154,37197.0,83,26145.40000000001
132,34501.700000000004,94,25624.300000000007
138,32447.30000000002,90,24313.000000000015
141,32448.800000000014,99,25918.300000000007
160,37809.59999999999,112,28485.200000000033
145,34724.99999999999,83,25458.20000000001
133,33141.700000000004,86,24606.9
161,35872.10000000001,77,26039.500000000015
164,35126.70000000001,83,24572.00000000001
153,35949.4,75,24810.600000000013
156,35253.99999999998,88,24722.20000000001
176,37749.99999999999,66,24264.100000000013
154,34032.09999999999,70,25563.40000000002
136,34863.69999999999,91,24982.000000000015
127,33704.69999999998,110,26961.30000000001
162,36038.6,107,24818.60000000001
146,32875.3,99,28339.400000000027
147,34011.79999999999,65,26358.800000000007
154,34127.600000000006,82,26250.300000000007
169,36895.69999999998,91,25646.800000000014
136,35316.19999999999,88,25050.800000000003
153,36002.79999999998,102,25655.500000000004
152,35136.59999999999,80,26962.50000000001
120,32971.19999999999,91,24557.90000000002
149,34045.2,87,24525.000000000022
171,36830.0,89,23513.500000000007
157,35693.69999999999,87,26290.50000000001
132,33179.7,101,26203.600000000006
158,34229.70000000001,107,25745.10000000001
155,36542.69999999999,85,26033.600000000002
159,34931.99999999997,111,26189.500000000015
137,35968.799999999996,90,25775.200000000015
156,37833.899999999994,94,24917.30000000001
142,34649.7,86,24705.30000000001
165,35570.899999999994,100,24802.300000000003
127,32320.40000000001,88,25364.70000000002
134,34303.899999999994,86,27869.00000000002
147,35322.4,76,25551.10000000001
153,35552.1,83,25701.7
139,36518.00000000001,79,25740.800000000003
131,35065.6,85,25045.4
153,34460.5,90,26240.70000000003
180,36386.1,77,24087.99999999999
129,35654.49999999999,67,24583.30000000003
132,36087.39999999999,76,24942.300000000007
153,34276.5,79,26241.300000000017
151,33569.700000000004,90,24968.999999999993
132,33504.399999999994,98,25527.200000000026
182,37393.99999999997,71,25801.400000000016
121,32293.900000000016,103,25676.3
149,38851.1,96,26994.800000000017
132,33587.00000000001,79,26717.200000000004
160,33817.799999999996,96,25002.800000000007
120,36397.999999999985,87,26977.90000000001
148,32281.500000000025,103,24292.400000000005
136,36123.599999999984,96,26178.50000000001
145,36857.8,102,25853.199999999997
136,35288.7,113,25646.500000000007
129,34267.50000000001,90,24870.999999999996
155,36677.399999999994,81,24536.100000000006
170,36094.799999999996,75,26127.000000000004
140,33375.6,123,25724.50000000002
132,34785.70000000002,98,24921.70000000001
131,34506.700000000004,90,24411.4
181,35871.2,97,26635.000000000015
179,36405.200000000004,72,25747.699999999993
149,34028.7,82,25468.400000000016
146,35976.9,81,24816.700000000004
131,35221.89999999999,106,25270.600000000006
145,35547.00000000001,90,27386.000000000015
136,36808.00000000001,82,25190.400000000005
140,33606.799999999996,90,26190.800000000007
162,38044.599999999984,72,25428.700000000008
167,36866.19999999998,82,25678.199999999997
135,32516.600000000024,80,25613.70000000002
139,32337.300000000003,99,25962.7
141,34618.600000000006,91,24165.60000000002
143,31525.100000000006,88,25909.40000000001
139,32630.000000000007,69,23943.600000000024
161,35326.799999999996,95,24166.800000000007
175,38023.499999999985,90,25707.20000000002
143,32421.100000000013,98,24663.900000000005
165,34984.80000000001,100,26498.600000000006
131,33519.5,100,25673.500000000004
149,32930.5,68,24964.60000000002
156,33520.29999999999,104,25245.900000000012
153,34771.69999999998,101,26622.700000000004
139,31982.000000000025,101,24750.900000000005
172,36951.799999999996,75,25409.1
146,35102.99999999999,81,24650.700000000008
151,35320.4,83,24922.70000000001
188,38508.19999999999,104,28277.500000000025
148,33883.9,117,26585.90000000001
127,33283.6,71,25918.600000000006
140,36093.60000000001,107,25377.10000000002
160,33697.90000000001,83,25619.700000000008
146,33128.9,74,24836.100000000013
136,32861.1,81,25539.200000000015
148,33897.30000000001,73,25344.00000000001
143,33485.799999999996,90,25467.900000000005
150,33990.30000000001,96,25715.399999999998
137,33989.5,83,27437.000000000025
126,33724.3,63,25367.800000000014
134,34999.79999999999,105,25950.400000000005
157,31783.300000000017,85,25759.200000000008
148,35558.7,93,25454.90000000001
148,33988.50000000001,77,25373.69999999999
160,32817.30000000002,89,24341.20000000002
130,35376.59999999999,86,25465.4
136,34379.8,90,25665.300000000025
140,32922.100000000006,132,27981.600000000028
153,35195.8,65,25487.20000000001
136,33223.799999999996,83,25409.600000000017
